           X               Y                Z                A                C
          0.010           0.938            0.000            0.098            0.000
          0.060           0.933            0.000            0.094            0.049
          0.109           0.928            0.000            0.090            0.099
          0.158           0.923            0.000            0.086            0.148
          0.207           0.918            0.000            0.081            0.198
          0.257           0.914            0.000            0.077            0.247
          0.306           0.910            0.000            0.072            0.297
          0.355           0.906            0.000            0.068            0.346
          0.405           0.902            0.000            0.064            0.396
          0.454           0.899            0.000            0.060            0.445
          0.504           0.896            0.000            0.056            0.495
          0.553           0.893            0.000            0.053            0.545
          0.603           0.890            0.000            0.050            0.595
          0.653           0.887            0.000            0.047            0.644
          0.702           0.884            0.000            0.044            0.694
          0.752           0.882            0.000            0.041            0.744
          0.802           0.880            0.000            0.039            0.793
          0.851           0.878            0.000            0.037            0.843
          0.901           0.877            0.000            0.035            0.893
          0.951           0.875            0.000            0.033            0.943
          1.001           0.874            0.000            0.032            0.993
          1.051           0.872            0.000            0.030            1.043
          1.101           0.871            0.000            0.028            1.093
          1.151           0.869            0.000            0.027            1.143
          1.201           0.868            0.000            0.026            1.193
          1.251           0.867            0.000            0.025            1.243
          1.301           0.866            0.000            0.024            1.293
          1.350           0.866            0.000            0.023            1.343
          1.401           0.865            0.000            0.022            1.393
          1.451           0.864            0.000            0.021            1.443
          1.501           0.863            0.000            0.021            1.493
          1.551           0.862            0.000            0.020            1.543
          1.600           0.862            0.000            0.019            1.593
          1.650           0.861            0.000            0.018            1.642
          1.700           0.860            0.000            0.018            1.692
          1.750           0.860            0.000            0.017            1.742
          1.800           0.859            0.000            0.017            1.792
          1.850           0.859            0.000            0.017            1.842
          1.900           0.859            0.000            0.017            1.892
          1.950           0.858            0.000            0.016            1.942
          2.000           0.857            0.000            0.016            1.993
          2.051           0.857            0.000            0.015            2.043
          2.101           0.856            0.000            0.015            2.093
          2.151           0.855            0.000            0.014            2.143
          2.201           0.854            0.000            0.013            2.193
          2.250           0.853            0.000            0.012            2.243
          2.300           0.852            0.000            0.012            2.293
          2.351           0.851            0.000            0.011            2.343
          2.401           0.850            0.000            0.010            2.393
          2.451           0.848            0.000            0.009            2.443
          2.501           0.847            0.000            0.008            2.493
          2.550           0.846            0.000            0.008            2.543
          2.600           0.845            0.000            0.007            2.593
          2.650           0.843            0.000            0.006            2.643
          2.700           0.842            0.000            0.005            2.693
          2.750           0.841            0.000            0.004            2.743
          2.800           0.840            0.000            0.003            2.793
          2.850           0.838            0.000            0.003            2.843
          2.900           0.837            0.000            0.002            2.893
          2.950           0.836            0.000            0.001            2.943
          3.000           0.835            0.000            0.000            2.993
          3.050           0.833            0.000            0.000            3.043
          3.100           0.832            0.000           -0.001            3.093
          3.150           0.831            0.000           -0.002            3.143
          3.200           0.830            0.000           -0.002            3.193
          3.250           0.829            0.000           -0.003            3.243
          3.300           0.828            0.000           -0.003            3.293
          3.350           0.827            0.000           -0.004            3.343
          3.400           0.826            0.000           -0.004            3.393
          3.450           0.825            0.000           -0.004            3.443
          3.500           0.824            0.000           -0.004            3.493
          3.550           0.824            0.000           -0.004            3.543
          3.600           0.823            0.000           -0.004            3.593
          3.650           0.822            0.000           -0.004            3.643
          3.700           0.822            0.000           -0.004            3.693
          3.750           0.821            0.000           -0.004            3.743
          3.800           0.820            0.000           -0.005            3.793
          3.850           0.819            0.000           -0.005            3.843
          3.900           0.818            0.000           -0.005            3.893
          3.950           0.818            0.000           -0.005            3.943
          4.000           0.817            0.000           -0.005            3.993
          4.050           0.816            0.000           -0.005            4.043
          4.100           0.816            0.000           -0.004            4.093
          4.150           0.815            0.000           -0.004            4.143
          4.200           0.815            0.000           -0.004            4.193
          4.250           0.815            0.000           -0.003            4.243
          4.300           0.814            0.000           -0.003            4.293
          4.350           0.814            0.000           -0.002            4.343
          4.400           0.814            0.000           -0.002            4.393
          4.451           0.813            0.000           -0.001            4.443
          4.501           0.813            0.000           -0.001            4.493
          4.551           0.812            0.000            0.000            4.543
          4.601           0.812            0.000            0.000            4.593
          4.651           0.811            0.000            0.000            4.643
          4.701           0.810            0.000            0.000            4.693
          4.751           0.810            0.000            0.000            4.743
          4.801           0.809            0.000            0.000            4.793
          4.851           0.808            0.000            0.000            4.843
          4.901           0.807            0.000            0.000            4.893
          4.951           0.805            0.000            0.000            4.943
          5.001           0.804            0.000            0.000            4.993
          5.051           0.803            0.000            0.000            5.043
          5.101           0.803            0.000            0.000            5.093
          5.151           0.802            0.000            0.000            5.143
          5.201           0.802            0.000            0.001            5.193
          5.251           0.801            0.000            0.001            5.243
          5.301           0.800            0.000            0.002            5.293
          5.351           0.800            0.000            0.002            5.343
          5.401           0.799            0.000            0.002            5.393
          5.451           0.797            0.000            0.002            5.443
          5.501           0.796            0.000            0.002            5.493
          5.551           0.795            0.000            0.002            5.543
          5.601           0.794            0.000            0.002            5.593
          5.651           0.794            0.000            0.002            5.643
          5.701           0.793            0.000            0.003            5.693
          5.751           0.793            0.000            0.004            5.743
          5.801           0.793            0.000            0.005            5.793
          5.851           0.792            0.000            0.005            5.843
          5.901           0.792            0.000            0.006            5.893
          5.951           0.791            0.000            0.006            5.944
          6.001           0.790            0.000            0.006            5.994
          6.051           0.789            0.000            0.006            6.044
          6.101           0.788            0.000            0.007            6.093
          6.151           0.788            0.000            0.007            6.143
          6.201           0.788            0.000            0.008            6.193
          6.251           0.788            0.000            0.010            6.243
          6.301           0.788            0.000            0.010            6.294
          6.351           0.787            0.000            0.011            6.344
          6.401           0.786            0.000            0.011            6.394
          6.451           0.785            0.000            0.011            6.444
          6.501           0.783            0.000            0.011            6.494
          6.551           0.782            0.000            0.010            6.544
          6.601           0.780            0.000            0.010            6.594
          6.651           0.779            0.000            0.010            6.644
          6.701           0.779            0.000            0.011            6.694
          6.751           0.778            0.000            0.011            6.744
          6.801           0.778            0.000            0.012            6.794
          6.851           0.777            0.000            0.013            6.844
          6.901           0.776            0.000            0.013            6.894
          6.951           0.775            0.000            0.013            6.944
          7.001           0.775            0.000            0.014            6.994
          7.051           0.774            0.000            0.014            7.044
          7.101           0.773            0.000            0.015            7.094
          7.151           0.772            0.000            0.015            7.144
          7.201           0.771            0.000            0.015            7.194
          7.251           0.770            0.000            0.015            7.244
          7.301           0.768            0.000            0.014            7.294
          7.351           0.767            0.000            0.014            7.344
          7.401           0.766            0.000            0.014            7.394
          7.451           0.765            0.000            0.015            7.444
          7.501           0.765            0.000            0.016            7.494
          7.551           0.765            0.000            0.018            7.544
          7.601           0.765            0.000            0.019            7.594
          7.651           0.764            0.000            0.019            7.644
          7.702           0.762            0.000            0.018            7.695
          7.752           0.761            0.000            0.018            7.745
          7.801           0.759            0.000            0.017            7.795
          7.851           0.758            0.000            0.017            7.844
          7.901           0.757            0.000            0.018            7.894
          7.951           0.757            0.000            0.019            7.944
          8.001           0.757            0.000            0.020            7.994
          8.051           0.756            0.000            0.021            8.044
          8.101           0.755            0.000            0.021            8.095
          8.151           0.754            0.000            0.021            8.145
          8.201           0.753            0.000            0.021            8.195
          8.251           0.752            0.000            0.021            8.244
          8.301           0.751            0.000            0.022            8.294
          8.351           0.750            0.000            0.022            8.344
          8.401           0.749            0.000            0.023            8.395
          8.452           0.748            0.000            0.023            8.445
          8.502           0.747            0.000            0.023            8.495
          8.552           0.745            0.000            0.023            8.545
          8.601           0.744            0.000            0.023            8.595
          8.651           0.744            0.000            0.023            8.645
          8.701           0.743            0.000            0.024            8.694
          8.751           0.743            0.000            0.025            8.744
          8.801           0.743            0.000            0.026            8.794
          8.851           0.743            0.000            0.027            8.845
          8.902           0.742            0.000            0.028            8.895
          8.952           0.741            0.000            0.028            8.945
          9.002           0.739            0.000            0.027            8.996
          9.052           0.736            0.000            0.026            9.046
          9.102           0.734            0.000            0.025            9.096
          9.152           0.732            0.000            0.024            9.145
          9.201           0.731            0.000            0.024            9.195
          9.251           0.730            0.000            0.025            9.245
          9.301           0.730            0.000            0.026            9.294
          9.351           0.731            0.000            0.028            9.344
          9.401           0.731            0.000            0.029            9.395
          9.452           0.730            0.000            0.029            9.445
          9.503           0.728            0.000            0.029            9.496
          9.553           0.725            0.000            0.027            9.546
          9.602           0.722            0.000            0.025            9.596
          9.652           0.720            0.000            0.024            9.646
          9.702           0.719            0.000            0.024            9.695
          9.751           0.718            0.000            0.025            9.745
          9.802           0.717            0.000            0.025            9.795
          9.852           0.716            0.000            0.026            9.845
          9.902           0.715            0.000            0.026            9.896
          9.952           0.714            0.000            0.026            9.945
         10.001           0.713            0.000            0.027            9.995
         10.051           0.713            0.000            0.028           10.045
         10.102           0.713            0.000            0.028           10.095
         10.152           0.711            0.000            0.028           10.146
         10.202           0.709            0.000            0.027           10.196
         10.253           0.707            0.000            0.026           10.246
         10.302           0.704            0.000            0.025           10.296
         10.352           0.702            0.000            0.023           10.346
         10.402           0.700            0.000            0.022           10.396
         10.452           0.698            0.000            0.022           10.446
         10.502           0.697            0.000            0.022           10.496
         10.551           0.697            0.000            0.023           10.545
         10.601           0.697            0.000            0.025           10.595
         10.651           0.697            0.000            0.026           10.645
         10.702           0.697            0.000            0.027           10.696
         10.752           0.696            0.000            0.027           10.747
         10.803           0.693            0.000            0.026           10.797
         10.853           0.689            0.000            0.023           10.848
         10.903           0.685            0.000            0.020           10.897
         10.952           0.682            0.000            0.018           10.947
         11.002           0.680            0.000            0.017           10.997
         11.051           0.678            0.000            0.017           11.046
         11.101           0.678            0.000            0.018           11.096
         11.151           0.679            0.000            0.019           11.146
         11.201           0.679            0.000            0.021           11.196
         11.251           0.680            0.000            0.023           11.246
         11.302           0.679            0.000            0.023           11.297
         11.352           0.677            0.000            0.023           11.347
         11.403           0.675            0.000            0.021           11.397
         11.453           0.672            0.000            0.020           11.447
         11.502           0.669            0.000            0.018           11.497
         11.552           0.667            0.000            0.016           11.547
         11.602           0.664            0.000            0.016           11.597
         11.652           0.663            0.000            0.015           11.647
         11.702           0.662            0.000            0.015           11.697
         11.751           0.662            0.000            0.016           11.747
         11.801           0.662            0.000            0.017           11.796
         11.851           0.662            0.000            0.019           11.846
         11.901           0.662            0.000            0.020           11.896
         11.951           0.663            0.000            0.022           11.946
         12.002           0.663            0.000            0.023           11.997
         12.052           0.662            0.000            0.023           12.047
         12.102           0.660            0.000            0.022           12.098
         12.152           0.658            0.000            0.021           12.148
         12.202           0.655            0.000            0.020           12.198
         12.252           0.653            0.000            0.019           12.247
         12.302           0.652            0.000            0.018           12.297
         12.352           0.650            0.000            0.018           12.347
         12.401           0.650            0.000            0.019           12.397
         12.451           0.650            0.000            0.020           12.447
         12.501           0.651            0.000            0.022           12.496
         12.551           0.652            0.000            0.024           12.546
         12.601           0.653            0.000            0.026           12.597
         12.652           0.653            0.000            0.027           12.647
         12.702           0.652            0.000            0.027           12.698
         12.753           0.649            0.000            0.025           12.748
         12.803           0.646            0.000            0.023           12.798
         12.853           0.644            0.000            0.022           12.848
         12.902           0.641            0.000            0.020           12.898
         12.952           0.639            0.000            0.020           12.948
         13.002           0.638            0.000            0.020           12.998
         13.051           0.638            0.000            0.020           13.047
         13.101           0.639            0.000            0.022           13.097
         13.151           0.639            0.000            0.023           13.147
         13.201           0.640            0.000            0.025           13.197
         13.251           0.640            0.000            0.027           13.247
         13.302           0.640            0.000            0.028           13.297
         13.352           0.640            0.000            0.028           13.348
         13.402           0.639            0.000            0.028           13.398
         13.453           0.637            0.000            0.027           13.448
         13.502           0.635            0.000            0.026           13.498
         13.552           0.634            0.000            0.026           13.548
         13.602           0.633            0.000            0.026           13.598
         13.652           0.632            0.000            0.026           13.648
         13.702           0.632            0.000            0.027           13.698
         13.752           0.632            0.000            0.028           13.747
         13.802           0.632            0.000            0.029           13.797
         13.852           0.632            0.000            0.030           13.847
         13.902           0.632            0.000            0.031           13.897
         13.952           0.632            0.000            0.032           13.948
         14.002           0.632            0.000            0.032           13.998
         14.052           0.631            0.000            0.032           14.048
         14.102           0.630            0.000            0.032           14.098
         14.152           0.629            0.000            0.032           14.148
         14.202           0.628            0.000            0.032           14.198
         14.252           0.626            0.000            0.032           14.248
         14.302           0.625            0.000            0.031           14.298
         14.352           0.624            0.000            0.031           14.348
         14.402           0.624            0.000            0.032           14.398
         14.452           0.623            0.000            0.032           14.448
         14.502           0.623            0.000            0.032           14.498
         14.552           0.622            0.000            0.033           14.548
         14.602           0.622            0.000            0.033           14.598
         14.652           0.621            0.000            0.033           14.648
         14.702           0.620            0.000            0.033           14.698
         14.752           0.619            0.000            0.033           14.748
         14.802           0.618            0.000            0.033           14.798
         14.852           0.617            0.000            0.033           14.848
         14.902           0.617            0.000            0.033           14.898
         14.952           0.616            0.000            0.033           14.948
         15.002           0.615            0.000            0.033           14.998
         15.052           0.615            0.000            0.034           15.048
         15.102           0.615            0.000            0.034           15.098
         15.152           0.614            0.000            0.035           15.148
         15.202           0.614            0.000            0.035           15.198
         15.252           0.613            0.000            0.035           15.248
         15.302           0.612            0.000            0.035           15.298
         15.352           0.611            0.000            0.035           15.348
         15.402           0.610            0.000            0.035           15.398
         15.452           0.610            0.000            0.035           15.448
         15.502           0.610            0.000            0.036           15.498
         15.552           0.609            0.000            0.036           15.548
         15.602           0.609            0.000            0.037           15.598
         15.652           0.609            0.000            0.037           15.648
         15.702           0.609            0.000            0.038           15.698
         15.752           0.608            0.000            0.038           15.748
         15.802           0.607            0.000            0.038           15.798
         15.853           0.607            0.000            0.038           15.849
         15.903           0.606            0.000            0.038           15.899
         15.953           0.605            0.000            0.037           15.949
         16.002           0.604            0.000            0.037           15.999
         16.052           0.603            0.000            0.037           16.048
         16.102           0.602            0.000            0.037           16.098
         16.152           0.602            0.000            0.037           16.148
         16.202           0.602            0.000            0.038           16.198
         16.252           0.601            0.000            0.038           16.248
         16.302           0.601            0.000            0.039           16.298
         16.352           0.600            0.000            0.039           16.348
         16.402           0.600            0.000            0.039           16.399
         16.453           0.599            0.000            0.039           16.449
         16.503           0.598            0.000            0.039           16.499
         16.553           0.597            0.000            0.038           16.549
         16.603           0.596            0.000            0.038           16.599
         16.653           0.595            0.000            0.038           16.649
         16.702           0.595            0.000            0.038           16.699
         16.752           0.594            0.000            0.038           16.748
         16.802           0.594            0.000            0.038           16.798
         16.852           0.594            0.000            0.039           16.848
         16.902           0.594            0.000            0.040           16.898
         16.952           0.595            0.000            0.041           16.948
         17.002           0.595            0.000            0.041           16.998
         17.052           0.594            0.000            0.042           17.049
         17.103           0.594            0.000            0.042           17.099
         17.153           0.593            0.000            0.041           17.149
         17.203           0.592            0.000            0.041           17.199
         17.253           0.590            0.000            0.040           17.249
         17.303           0.589            0.000            0.039           17.299
         17.353           0.588            0.000            0.039           17.349
         17.402           0.587            0.000            0.039           17.399
         17.452           0.587            0.000            0.039           17.448
         17.502           0.587            0.000            0.040           17.498
         17.552           0.587            0.000            0.041           17.548
         17.602           0.588            0.000            0.041           17.598
         17.652           0.588            0.000            0.042           17.648
         17.702           0.588            0.000            0.043           17.698
         17.753           0.588            0.000            0.043           17.749
         17.803           0.587            0.000            0.043           17.799
         17.853           0.585            0.000            0.042           17.850
         17.903           0.584            0.000            0.041           17.900
         17.953           0.583            0.000            0.040           17.950
         18.003           0.581            0.000            0.039           17.999
         18.053           0.580            0.000            0.039           18.049
         18.102           0.580            0.000            0.039           18.099
         18.152           0.580            0.000            0.040           18.148
         18.202           0.580            0.000            0.041           18.198
         18.251           0.581            0.000            0.042           18.248
         18.301           0.582            0.000            0.043           18.298
         18.351           0.583            0.000            0.044           18.348
         18.402           0.583            0.000            0.046           18.398
         18.452           0.584            0.000            0.046           18.449
         18.503           0.583            0.000            0.046           18.499
         18.553           0.582            0.000            0.046           18.550
         18.604           0.581            0.000            0.045           18.600
         18.654           0.579            0.000            0.044           18.650
         18.703           0.578            0.000            0.043           18.700
         18.753           0.577            0.000            0.042           18.750
         18.802           0.576            0.000            0.042           18.799
         18.852           0.576            0.000            0.042           18.848
         18.902           0.576            0.000            0.043           18.898
         18.951           0.577            0.000            0.044           18.948
         19.002           0.578            0.000            0.045           18.998
         19.052           0.579            0.000            0.046           19.048
         19.102           0.579            0.000            0.047           19.099
         19.153           0.578            0.000            0.047           19.149
         19.203           0.577            0.000            0.047           19.200
         19.253           0.576            0.000            0.046           19.250
         19.303           0.575            0.000            0.045           19.300
         19.353           0.574            0.000            0.044           19.350
         19.403           0.573            0.000            0.044           19.399
         19.452           0.573            0.000            0.044           19.449
         19.502           0.573            0.000            0.045           19.498
         19.551           0.574            0.000            0.046           19.548
         19.601           0.575            0.000            0.047           19.598
         19.651           0.576            0.000            0.049           19.648
         19.702           0.577            0.000            0.050           19.698
         19.752           0.577            0.000            0.051           19.749
         19.803           0.577            0.000            0.051           19.799
         19.853           0.577            0.000            0.051           19.850
         19.903           0.576            0.000            0.050           19.900
         19.954           0.574            0.000            0.049           19.950
         20.004           0.573            0.000            0.048           20.000
         20.053           0.572            0.000            0.047           20.050
         20.103           0.571            0.000            0.047           20.100
         20.153           0.570            0.000            0.047           20.149
         20.202           0.570            0.000            0.047           20.199
         20.252           0.571            0.000            0.047           20.249
         20.302           0.571            0.000            0.048           20.298
         20.352           0.572            0.000            0.049           20.348
         20.402           0.573            0.000            0.050           20.399
         20.452           0.573            0.000            0.051           20.449
         20.503           0.572            0.000            0.051           20.500
         20.553           0.572            0.000            0.050           20.550
         20.603           0.571            0.000            0.050           20.600
         20.653           0.570            0.000            0.049           20.650
         20.703           0.570            0.000            0.049           20.700
         20.753           0.569            0.000            0.049           20.749
         20.802           0.569            0.000            0.049           20.799
         20.852           0.569            0.000            0.050           20.849
         20.902           0.570            0.000            0.051           20.898
         20.952           0.571            0.000            0.052           20.948
         21.002           0.571            0.000            0.053           20.998
         21.052           0.572            0.000            0.053           21.049
         21.102           0.572            0.000            0.054           21.099
         21.152           0.573            0.000            0.055           21.149
         21.202           0.573            0.000            0.055           21.199
         21.253           0.573            0.000            0.055           21.249
         21.302           0.572            0.000            0.055           21.299
         21.352           0.572            0.000            0.055           21.349
         21.402           0.573            0.000            0.056           21.399
         21.452           0.573            0.000            0.056           21.449
         21.502           0.573            0.000            0.057           21.499
         21.552           0.574            0.000            0.057           21.549
         21.602           0.574            0.000            0.058           21.599
         21.652           0.574            0.000            0.058           21.649
         21.702           0.574            0.000            0.059           21.699
         21.753           0.574            0.000            0.059           21.749
         21.803           0.574            0.000            0.059           21.799
         21.853           0.574            0.000            0.059           21.850
         21.903           0.574            0.000            0.059           21.899
         21.953           0.574            0.000            0.059           21.949
         22.002           0.574            0.000            0.060           21.999
         22.052           0.574            0.000            0.060           22.049
         22.102           0.575            0.000            0.061           22.098
         22.151           0.576            0.000            0.062           22.148
         22.202           0.577            0.000            0.063           22.198
         22.252           0.577            0.000            0.064           22.249
         22.302           0.578            0.000            0.065           22.299
         22.353           0.578            0.000            0.065           22.349
         22.403           0.578            0.000            0.065           22.400
         22.453           0.577            0.000            0.065           22.450
         22.503           0.577            0.000            0.064           22.500
         22.554           0.576            0.000            0.064           22.550
         22.603           0.575            0.000            0.063           22.600
         22.653           0.575            0.000            0.063           22.650
         22.703           0.575            0.000            0.063           22.700
         22.752           0.575            0.000            0.063           22.749
         22.802           0.575            0.000            0.063           22.799
         22.852           0.575            0.000            0.064           22.849
         22.902           0.576            0.000            0.065           22.899
         22.952           0.577            0.000            0.066           22.949
         23.002           0.577            0.000            0.066           22.999
         23.052           0.578            0.000            0.067           23.049
         23.102           0.578            0.000            0.068           23.099
         23.153           0.578            0.000            0.068           23.149
         23.203           0.578            0.000            0.068           23.200
         23.253           0.578            0.000            0.068           23.250
         23.303           0.578            0.000            0.068           23.300
         23.353           0.578            0.000            0.068           23.350
         23.403           0.578            0.000            0.068           23.400
         23.453           0.577            0.000            0.068           23.450
         23.503           0.577            0.000            0.068           23.500
         23.553           0.577            0.000            0.068           23.549
         23.602           0.578            0.000            0.068           23.599
         23.652           0.578            0.000            0.069           23.649
         23.702           0.579            0.000            0.069           23.699
         23.752           0.579            0.000            0.070           23.749
         23.802           0.579            0.000            0.070           23.799
         23.853           0.579            0.000            0.071           23.849
         23.903           0.579            0.000            0.071           23.900
         23.953           0.579            0.000            0.071           23.950
         24.003           0.579            0.000            0.071           24.000
         24.053           0.579            0.000            0.071           24.050
         24.103           0.579            0.000            0.071           24.100
         24.153           0.579            0.000            0.071           24.150
         24.203           0.579            0.000            0.071           24.200
         24.253           0.579            0.000            0.071           24.250
         24.303           0.579            0.000            0.071           24.300
         24.353           0.579            0.000            0.071           24.350
         24.403           0.579            0.000            0.071           24.400
         24.453           0.579            0.000            0.071           24.450
         24.503           0.578            0.000            0.071           24.500
         24.553           0.578            0.000            0.070           24.550
         24.603           0.578            0.000            0.070           24.600
         24.653           0.578            0.000            0.070           24.650
         24.703           0.578            0.000            0.070           24.700
         24.753           0.578            0.000            0.070           24.750
         24.803           0.578            0.000            0.070           24.800
         24.853           0.577            0.000            0.070           24.850
         24.903           0.577            0.000            0.070           24.900
         24.953           0.577            0.000            0.069           24.950
         25.003           0.576            0.000            0.069           25.000
         25.053           0.576            0.000            0.069           25.050
         25.103           0.576            0.000            0.069           25.100
         25.153           0.576            0.000            0.069           25.150
         25.202           0.576            0.000            0.069           25.199
         25.252           0.577            0.000            0.070           25.249
         25.302           0.577            0.000            0.070           25.299
         25.353           0.577            0.000            0.070           25.349
         25.403           0.577            0.000            0.071           25.400
         25.453           0.577            0.000            0.070           25.450
         25.504           0.577            0.000            0.070           25.500
         25.554           0.576            0.000            0.070           25.550
         25.603           0.576            0.000            0.069           25.600
         25.653           0.576            0.000            0.069           25.650
         25.703           0.576            0.000            0.069           25.700
         25.753           0.576            0.000            0.069           25.750
         25.803           0.576            0.000            0.069           25.800
         25.853           0.576            0.000            0.069           25.849
         25.903           0.576            0.000            0.070           25.899
         25.952           0.577            0.000            0.070           25.949
         26.002           0.577            0.000            0.071           25.999
         26.052           0.577            0.000            0.071           26.049
         26.103           0.578            0.000            0.071           26.100
         26.153           0.578            0.000            0.072           26.150
         26.203           0.578            0.000            0.071           26.200
         26.254           0.578            0.000            0.071           26.250
         26.304           0.577            0.000            0.071           26.300
         26.353           0.577            0.000            0.071           26.350
         26.403           0.577            0.000            0.070           26.400
         26.453           0.577            0.000            0.071           26.450
         26.503           0.577            0.000            0.071           26.499
         26.553           0.577            0.000            0.071           26.549
         26.603           0.578            0.000            0.072           26.600
         26.653           0.578            0.000            0.072           26.650
         26.704           0.578            0.000            0.071           26.700
         26.754           0.577            0.000            0.071           26.751
         26.804           0.576            0.000            0.070           26.801
         26.855           0.575            0.000            0.069           26.852
         26.905           0.574            0.000            0.068           26.902
         26.954           0.573            0.000            0.067           26.951
         27.004           0.572            0.000            0.066           27.001
         27.054           0.572            0.000            0.065           27.050
         27.103           0.571            0.000            0.065           27.100
         27.153           0.571            0.000            0.065           27.150
         27.203           0.571            0.000            0.065           27.200
         27.254           0.571            0.000            0.065           27.250
         27.304           0.571            0.000            0.064           27.301
         27.354           0.570            0.000            0.064           27.351
         27.405           0.569            0.000            0.063           27.402
         27.455           0.567            0.000            0.061           27.452
         27.505           0.566            0.000            0.060           27.502
         27.555           0.565            0.000            0.059           27.552
         27.604           0.563            0.000            0.057           27.601
         27.654           0.563            0.000            0.057           27.651
         27.703           0.562            0.000            0.056           27.700
         27.753           0.562            0.000            0.056           27.750
         27.803           0.562            0.000            0.056           27.800
         27.853           0.562            0.000            0.056           27.850
         27.903           0.562            0.000            0.056           27.900
         27.953           0.562            0.000            0.056           27.950
         28.004           0.562            0.000            0.056           28.001
         28.054           0.561            0.000            0.055           28.051
         28.104           0.560            0.000            0.054           28.101
         28.154           0.559            0.000            0.053           28.151
         28.204           0.558            0.000            0.052           28.201
         28.254           0.558            0.000            0.052           28.251
         28.304           0.557            0.000            0.051           28.301
         28.354           0.557            0.000            0.051           28.351
         28.403           0.556            0.000            0.050           28.400
         28.453           0.556            0.000            0.051           28.450
         28.503           0.557            0.000            0.051           28.500
         28.553           0.557            0.000            0.051           28.550
         28.603           0.557            0.000            0.051           28.600
         28.654           0.557            0.000            0.051           28.651
         28.704           0.556            0.000            0.050           28.701
         28.754           0.556            0.000            0.050           28.751
         28.804           0.555            0.000            0.049           28.801
         28.854           0.554            0.000            0.048           28.851
         28.904           0.553            0.000            0.048           28.901
         28.954           0.553            0.000            0.047           28.951
         29.003           0.553            0.000            0.047           29.001
         29.053           0.553            0.000            0.047           29.050
         29.103           0.553            0.000            0.047           29.100
         29.153           0.553            0.000            0.047           29.151
         29.204           0.552            0.000            0.047           29.201
         29.254           0.552            0.000            0.046           29.251
         29.304           0.551            0.000            0.045           29.301
         29.354           0.550            0.000            0.044           29.352
         29.404           0.549            0.000            0.043           29.402
         29.454           0.548            0.000            0.042           29.451
         29.504           0.547            0.000            0.041           29.501
         29.554           0.546            0.000            0.040           29.551
         29.604           0.546            0.000            0.040           29.601
         29.654           0.545            0.000            0.040           29.651
         29.703           0.545            0.000            0.040           29.701
         29.754           0.545            0.000            0.040           29.751
         29.804           0.545            0.000            0.039           29.801
         29.854           0.544            0.000            0.039           29.851
         29.904           0.543            0.000            0.038           29.901
         29.954           0.542            0.000            0.037           29.952
         30.004           0.541            0.000            0.035           30.002
         30.054           0.540            0.000            0.034           30.051
         30.104           0.539            0.000            0.033           30.101
         30.154           0.538            0.000            0.032           30.151
         30.204           0.538            0.000            0.032           30.201
         30.253           0.538            0.000            0.032           30.251
         30.303           0.538            0.000            0.032           30.300
         30.353           0.538            0.000            0.033           30.350
         30.403           0.539            0.000            0.033           30.400
         30.453           0.539            0.000            0.034           30.451
         30.504           0.539            0.000            0.034           30.501
         30.554           0.539            0.000            0.033           30.551
         30.604           0.538            0.000            0.033           30.601
         30.654           0.537            0.000            0.032           30.652
         30.704           0.536            0.000            0.030           30.701
         30.754           0.535            0.000            0.030           30.751
         30.804           0.534            0.000            0.029           30.801
         30.853           0.534            0.000            0.029           30.851
         30.903           0.535            0.000            0.029           30.901
         30.953           0.535            0.000            0.030           30.950
         31.003           0.536            0.000            0.031           31.000
         31.053           0.537            0.000            0.031           31.051
         31.104           0.537            0.000            0.031           31.101
         31.154           0.536            0.000            0.031           31.151
         31.205           0.535            0.000            0.030           31.202
         31.255           0.533            0.000            0.028           31.252
         31.305           0.531            0.000            0.026           31.302
         31.354           0.530            0.000            0.024           31.352
         31.404           0.529            0.000            0.023           31.401
         31.454           0.528            0.000            0.023           31.451
         31.503           0.529            0.000            0.024           31.501
         31.553           0.530            0.000            0.024           31.550
         31.603           0.531            0.000            0.026           31.600
         31.653           0.533            0.000            0.027           31.650
         31.703           0.534            0.000            0.028           31.701
         31.754           0.534            0.000            0.029           31.751
         31.804           0.534            0.000            0.029           31.802
         31.855           0.533            0.000            0.027           31.852
         31.905           0.531            0.000            0.026           31.902
         31.954           0.529            0.000            0.024           31.952
         32.004           0.528            0.000            0.023           32.002
         32.054           0.528            0.000            0.023           32.051
         32.103           0.528            0.000            0.023           32.101
         32.153           0.530            0.000            0.025           32.151
         32.203           0.531            0.000            0.026           32.200
         32.253           0.534            0.000            0.028           32.250
         32.303           0.535            0.000            0.030           32.300
         32.353           0.537            0.000            0.031           32.351
         32.404           0.536            0.000            0.031           32.402
         32.455           0.535            0.000            0.030           32.453
         32.505           0.533            0.000            0.028           32.503
         32.555           0.531            0.000            0.026           32.553
         32.604           0.529            0.000            0.024           32.602
         32.654           0.528            0.000            0.023           32.652
         32.704           0.528            0.000            0.023           32.702
         32.753           0.528            0.000            0.023           32.751
         32.803           0.529            0.000            0.024           32.801
         32.853           0.531            0.000            0.026           32.851
         32.903           0.533            0.000            0.028           32.901
         32.953           0.534            0.000            0.029           32.951
         33.004           0.534            0.000            0.029           33.002
         33.055           0.533            0.000            0.028           33.053
         33.105           0.531            0.000            0.026           33.103
         33.155           0.529            0.000            0.024           33.153
         33.205           0.527            0.000            0.022           33.203
         33.254           0.526            0.000            0.021           33.252
         33.304           0.525            0.000            0.020           33.302
         33.354           0.525            0.000            0.020           33.352
         33.404           0.526            0.000            0.021           33.402
         33.453           0.527            0.000            0.022           33.452
         33.504           0.527            0.000            0.023           33.502
         33.554           0.528            0.000            0.023           33.552
         33.604           0.528            0.000            0.023           33.602
         33.654           0.527            0.000            0.022           33.652
         33.704           0.525            0.000            0.021           33.703
         33.754           0.524            0.000            0.019           33.753
         33.804           0.523            0.000            0.018           33.802
         33.854           0.522            0.000            0.017           33.852
         33.904           0.521            0.000            0.017           33.902
         33.954           0.521            0.000            0.017           33.952
         34.004           0.522            0.000            0.017           34.002
         34.054           0.523            0.000            0.018           34.052
         34.104           0.524            0.000            0.019           34.102
         34.154           0.525            0.000            0.020           34.152
         34.204           0.526            0.000            0.021           34.202
         34.254           0.525            0.000            0.021           34.252
         34.304           0.525            0.000            0.020           34.303
         34.354           0.524            0.000            0.019           34.353
         34.404           0.523            0.000            0.018           34.403
         34.454           0.522            0.000            0.017           34.452
         34.504           0.522            0.000            0.017           34.502
         34.554           0.522            0.000            0.017           34.552
         34.604           0.522            0.000            0.018           34.602
         34.654           0.523            0.000            0.019           34.652
         34.704           0.524            0.000            0.020           34.702
         34.754           0.525            0.000            0.021           34.752
         34.804           0.525            0.000            0.021           34.802
         34.854           0.525            0.000            0.020           34.853
         34.904           0.524            0.000            0.019           34.903
         34.954           0.523            0.000            0.018           34.953
         35.004           0.522            0.000            0.018           35.003
         35.054           0.522            0.000            0.017           35.052
         35.104           0.522            0.000            0.017           35.102
         35.154           0.522            0.000            0.017           35.152
         35.204           0.523            0.000            0.018           35.202
         35.254           0.524            0.000            0.020           35.252
         35.304           0.525            0.000            0.021           35.302
         35.354           0.526            0.000            0.021           35.352
         35.404           0.526            0.000            0.021           35.403
         35.454           0.526            0.000            0.021           35.453
         35.505           0.525            0.000            0.020           35.503
         35.554           0.524            0.000            0.019           35.553
         35.604           0.523            0.000            0.018           35.603
         35.654           0.522            0.000            0.018           35.653
         35.704           0.522            0.000            0.017           35.702
         35.754           0.522            0.000            0.018           35.752
         35.804           0.523            0.000            0.018           35.802
         35.854           0.524            0.000            0.019           35.852
         35.904           0.524            0.000            0.020           35.902
         35.954           0.525            0.000            0.020           35.953
         36.004           0.524            0.000            0.019           36.003
         36.054           0.523            0.000            0.019           36.053
         36.104           0.523            0.000            0.018           36.103
         36.154           0.522            0.000            0.017           36.153
         36.204           0.522            0.000            0.017           36.203
         36.254           0.522            0.000            0.018           36.252
         36.304           0.523            0.000            0.018           36.302
         36.354           0.523            0.000            0.018           36.352
         36.404           0.523            0.000            0.018           36.403
         36.454           0.523            0.000            0.019           36.453
         36.504           0.523            0.000            0.019           36.503
         36.554           0.523            0.000            0.019           36.553
         36.604           0.523            0.000            0.018           36.603
         36.654           0.522            0.000            0.018           36.653
         36.704           0.522            0.000            0.017           36.703
         36.754           0.521            0.000            0.017           36.753
         36.804           0.521            0.000            0.017           36.803
         36.854           0.521            0.000            0.017           36.853
         36.904           0.522            0.000            0.017           36.902
         36.954           0.522            0.000            0.017           36.952
         37.004           0.523            0.000            0.018           37.002
         37.054           0.523            0.000            0.019           37.053
         37.104           0.524            0.000            0.019           37.103
         37.154           0.524            0.000            0.019           37.153
         37.204           0.523            0.000            0.019           37.203
         37.254           0.523            0.000            0.019           37.253
         37.304           0.523            0.000            0.018           37.303
         37.354           0.523            0.000            0.018           37.353
         37.404           0.523            0.000            0.018           37.403
         37.454           0.523            0.000            0.018           37.453
         37.504           0.523            0.000            0.019           37.503
         37.554           0.524            0.000            0.019           37.553
         37.604           0.524            0.000            0.019           37.603
         37.654           0.524            0.000            0.019           37.653
         37.704           0.524            0.000            0.020           37.703
         37.754           0.524            0.000            0.020           37.753
         37.804           0.525            0.000            0.020           37.803
         37.854           0.524            0.000            0.020           37.853
         37.904           0.524            0.000            0.020           37.903
         37.954           0.524            0.000            0.020           37.953
         38.004           0.524            0.000            0.020           38.003
         38.054           0.524            0.000            0.020           38.053
         38.104           0.525            0.000            0.020           38.103
         38.154           0.525            0.000            0.021           38.153
         38.204           0.526            0.000            0.022           38.203
         38.254           0.527            0.000            0.023           38.253
         38.304           0.527            0.000            0.023           38.303
         38.355           0.527            0.000            0.023           38.353
         38.405           0.526            0.000            0.022           38.403
         38.455           0.525            0.000            0.022           38.453
         38.505           0.525            0.000            0.021           38.503
         38.555           0.524            0.000            0.021           38.553
         38.604           0.524            0.000            0.021           38.603
         38.654           0.524            0.000            0.021           38.653
         38.704           0.524            0.000            0.021           38.703
         38.754           0.524            0.000            0.022           38.753
         38.805           0.524            0.000            0.022           38.803
         38.855           0.524            0.000            0.022           38.853
         38.905           0.523            0.000            0.022           38.903
         38.955           0.523            0.000            0.022           38.953
         39.005           0.522            0.000            0.021           39.003
         39.055           0.522            0.000            0.021           39.053
         39.105           0.521            0.000            0.021           39.103
         39.155           0.521            0.000            0.021           39.153
         39.205           0.521            0.000            0.021           39.203
         39.255           0.521            0.000            0.021           39.253
         39.305           0.521            0.000            0.022           39.303
         39.355           0.521            0.000            0.022           39.353
         39.405           0.520            0.000            0.022           39.403
         39.455           0.519            0.000            0.021           39.453
         39.505           0.519            0.000            0.021           39.503
         39.555           0.518            0.000            0.021           39.553
         39.605           0.518            0.000            0.021           39.603
         39.655           0.518            0.000            0.021           39.653
         39.705           0.518            0.000            0.021           39.703
         39.755           0.518            0.000            0.022           39.753
         39.805           0.517            0.000            0.022           39.803
         39.855           0.517            0.000            0.022           39.853
         39.905           0.516            0.000            0.021           39.904
         39.955           0.515            0.000            0.021           39.954
         40.005           0.513            0.000            0.020           40.004
         40.055           0.512            0.000            0.019           40.054
         40.105           0.511            0.000            0.018           40.104
         40.155           0.510            0.000            0.018           40.153
         40.205           0.510            0.000            0.018           40.203
         40.255           0.510            0.000            0.019           40.253
         40.305           0.510            0.000            0.019           40.303
         40.355           0.509            0.000            0.019           40.354
         40.405           0.508            0.000            0.019           40.404
         40.455           0.507            0.000            0.018           40.454
         40.505           0.505            0.000            0.017           40.504
         40.555           0.504            0.000            0.017           40.554
         40.605           0.504            0.000            0.017           40.603
         40.655           0.504            0.000            0.017           40.653
         40.705           0.504            0.000            0.018           40.703
         40.755           0.503            0.000            0.018           40.754
         40.805           0.502            0.000            0.017           40.804
         40.855           0.500            0.000            0.016           40.854
         40.905           0.498            0.000            0.015           40.904
         40.955           0.497            0.000            0.015           40.954
         41.005           0.497            0.000            0.015           41.003
         41.055           0.497            0.000            0.016           41.053
         41.105           0.497            0.000            0.017           41.103
         41.155           0.497            0.000            0.017           41.154
         41.205           0.496            0.000            0.017           41.204
         41.255           0.495            0.000            0.017           41.254
         41.305           0.493            0.000            0.016           41.304
         41.355           0.492            0.000            0.015           41.354
         41.405           0.491            0.000            0.015           41.404
         41.455           0.490            0.000            0.016           41.454
         41.505           0.490            0.000            0.016           41.504
         41.555           0.490            0.000            0.017           41.554
         41.605           0.489            0.000            0.017           41.604
         41.655           0.488            0.000            0.017           41.654
         41.705           0.487            0.000            0.017           41.704
         41.755           0.486            0.000            0.017           41.754
         41.805           0.486            0.000            0.017           41.804
         41.855           0.485            0.000            0.017           41.854
         41.905           0.485            0.000            0.018           41.904
         41.955           0.484            0.000            0.018           41.954
         42.005           0.484            0.000            0.018           42.004
         42.055           0.483            0.000            0.018           42.054
         42.106           0.481            0.000            0.017           42.104
         42.156           0.478            0.000            0.016           42.155
         42.206           0.476            0.000            0.014           42.205
         42.255           0.473            0.000            0.012           42.255
         42.305           0.471            0.000            0.011           42.304
         42.355           0.470            0.000            0.011           42.354
         42.405           0.469            0.000            0.012           42.404
         42.455           0.469            0.000            0.013           42.454
         42.505           0.469            0.000            0.014           42.504
         42.555           0.468            0.000            0.014           42.554
         42.605           0.467            0.000            0.013           42.605
         42.656           0.464            0.000            0.012           42.655
         42.705           0.462            0.000            0.011           42.705
         42.755           0.460            0.000            0.010           42.755
         42.805           0.458            0.000            0.009           42.804
         42.855           0.457            0.000            0.009           42.854
         42.905           0.457            0.000            0.010           42.904
         42.955           0.457            0.000            0.011           42.954
         43.005           0.457            0.000            0.012           43.004
         43.055           0.456            0.000            0.013           43.054
         43.105           0.455            0.000            0.013           43.105
         43.155           0.454            0.000            0.013           43.155
         43.206           0.451            0.000            0.012           43.205
         43.255           0.449            0.000            0.011           43.255
         43.305           0.447            0.000            0.010           43.305
         43.355           0.446            0.000            0.010           43.355
         43.405           0.445            0.000            0.010           43.405
         43.455           0.444            0.000            0.010           43.455
         43.505           0.443            0.000            0.011           43.505
         43.555           0.441            0.000            0.010           43.555
         43.606           0.439            0.000            0.009           43.605
         43.655           0.437            0.000            0.008           43.655
         43.705           0.434            0.000            0.007           43.705
         43.755           0.432            0.000            0.006           43.755
         43.805           0.430            0.000            0.005           43.805
         43.855           0.429            0.000            0.005           43.855
         43.905           0.427            0.000            0.005           43.905
         43.955           0.426            0.000            0.005           43.955
         44.005           0.424            0.000            0.004           44.005
         44.055           0.421            0.000            0.004           44.055
         44.105           0.419            0.000            0.002           44.105
         44.155           0.416            0.000            0.001           44.155
         44.205           0.413            0.000           -0.001           44.205
         44.255           0.410            0.000           -0.003           44.255
         44.305           0.407            0.000           -0.004           44.305
         44.355           0.405            0.000           -0.004           44.355
         44.405           0.404            0.000           -0.004           44.405
         44.455           0.403            0.000           -0.004           44.456
         44.505           0.402            0.000           -0.003           44.506
         44.555           0.401            0.000           -0.003           44.556
         44.605           0.399            0.000           -0.003           44.606
         44.655           0.396            0.000           -0.004           44.656
         44.705           0.394            0.000           -0.005           44.706
         44.755           0.391            0.000           -0.006           44.756
         44.805           0.389            0.000           -0.007           44.806
         44.855           0.386            0.000           -0.008           44.856
         44.905           0.384            0.000           -0.009           44.906
         44.955           0.382            0.000           -0.010           44.956
         45.005           0.379            0.000           -0.010           45.006
         45.055           0.377            0.000           -0.011           45.056
         45.105           0.375            0.000           -0.011           45.106
         45.155           0.373            0.000           -0.012           45.156
         45.205           0.370            0.000           -0.013           45.206
         45.254           0.367            0.000           -0.014           45.256
         45.304           0.364            0.000           -0.016           45.306
         45.354           0.361            0.000           -0.017           45.356
         45.404           0.358            0.000           -0.018           45.406
         45.454           0.355            0.000           -0.020           45.456
         45.504           0.352            0.000           -0.022           45.506
         45.554           0.348            0.000           -0.023           45.556
         45.603           0.345            0.000           -0.025           45.605
         45.653           0.341            0.000           -0.027           45.655
         45.703           0.337            0.000           -0.029           45.705
         45.753           0.333            0.000           -0.031           45.755
         45.802           0.329            0.000           -0.034           45.805
         45.851           0.324            0.000           -0.037           45.854
