           X               Y                Z                A                C
          0.043           0.943            0.000           -0.087            0.050
          0.093           0.939            0.000           -0.087            0.101
          0.144           0.935            0.000           -0.086            0.152
          0.194           0.932            0.000           -0.086            0.203
          0.245           0.929            0.000           -0.086            0.253
          0.296           0.926            0.000           -0.085            0.304
          0.346           0.923            0.000           -0.084            0.355
          0.397           0.921            0.000           -0.083            0.406
          0.448           0.920            0.000           -0.082            0.456
          0.498           0.919            0.000           -0.081            0.507
          0.549           0.918            0.000           -0.080            0.557
          0.599           0.917            0.000           -0.079            0.608
          0.650           0.916            0.000           -0.078            0.658
          0.700           0.916            0.000           -0.077            0.708
          0.750           0.916            0.000           -0.076            0.759
          0.800           0.916            0.000           -0.075            0.809
          0.851           0.916            0.000           -0.074            0.859
          0.901           0.917            0.000           -0.073            0.910
          0.952           0.918            0.000           -0.071            0.960
          1.002           0.919            0.000           -0.070            1.010
          1.052           0.920            0.000           -0.068            1.061
          1.102           0.921            0.000           -0.066            1.111
          1.152           0.922            0.000           -0.064            1.160
          1.201           0.923            0.000           -0.062            1.210
          1.251           0.924            0.000           -0.061            1.260
          1.301           0.925            0.000           -0.059            1.310
          1.352           0.926            0.000           -0.058            1.360
          1.402           0.927            0.000           -0.056            1.411
          1.452           0.929            0.000           -0.053            1.461
          1.502           0.931            0.000           -0.051            1.511
          1.552           0.932            0.000           -0.048            1.561
          1.602           0.934            0.000           -0.046            1.611
          1.652           0.935            0.000           -0.044            1.660
          1.702           0.937            0.000           -0.042            1.710
          1.752           0.938            0.000           -0.040            1.760
          1.801           0.939            0.000           -0.037            1.810
          1.851           0.941            0.000           -0.035            1.860
          1.901           0.942            0.000           -0.033            1.910
          1.951           0.943            0.000           -0.031            1.960
          2.001           0.944            0.000           -0.029            2.010
          2.051           0.945            0.000           -0.027            2.060
          2.101           0.946            0.000           -0.026            2.110
          2.151           0.947            0.000           -0.024            2.160
          2.201           0.948            0.000           -0.022            2.210
          2.251           0.949            0.000           -0.020            2.260
          2.301           0.949            0.000           -0.019            2.310
          2.351           0.950            0.000           -0.017            2.360
          2.401           0.950            0.000           -0.016            2.410
          2.451           0.951            0.000           -0.014            2.460
          2.501           0.951            0.000           -0.013            2.510
          2.551           0.952            0.000           -0.012            2.560
          2.601           0.952            0.000           -0.011            2.610
          2.651           0.952            0.000           -0.010            2.660
          2.701           0.952            0.000           -0.009            2.710
          2.751           0.952            0.000           -0.008            2.760
          2.801           0.952            0.000           -0.007            2.810
          2.851           0.952            0.000           -0.005            2.860
          2.901           0.952            0.000           -0.004            2.910
          2.951           0.952            0.000           -0.003            2.960
          3.001           0.952            0.000           -0.002            3.010
          3.051           0.952            0.000           -0.001            3.060
          3.101           0.952            0.000            0.000            3.110
          3.151           0.952            0.000            0.001            3.160
          3.201           0.951            0.000            0.002            3.210
          3.251           0.951            0.000            0.003            3.260
          3.301           0.950            0.000            0.003            3.310
          3.351           0.950            0.000            0.003            3.360
          3.401           0.949            0.000            0.004            3.410
          3.451           0.948            0.000            0.004            3.460
          3.501           0.947            0.000            0.005            3.510
          3.551           0.947            0.000            0.006            3.560
          3.601           0.947            0.000            0.007            3.610
          3.651           0.947            0.000            0.008            3.660
          3.701           0.947            0.000            0.009            3.710
          3.751           0.947            0.000            0.011            3.760
          3.801           0.948            0.000            0.012            3.810
          3.851           0.948            0.000            0.013            3.860
          3.901           0.948            0.000            0.015            3.910
          3.951           0.948            0.000            0.016            3.960
          4.001           0.948            0.000            0.017            4.010
          4.051           0.948            0.000            0.019            4.060
          4.101           0.948            0.000            0.020            4.110
          4.151           0.948            0.000            0.021            4.160
          4.201           0.947            0.000            0.022            4.210
          4.251           0.947            0.000            0.023            4.260
          4.301           0.947            0.000            0.024            4.310
          4.351           0.946            0.000            0.025            4.360
          4.401           0.946            0.000            0.025            4.410
          4.451           0.946            0.000            0.027            4.460
          4.501           0.945            0.000            0.028            4.510
          4.551           0.945            0.000            0.029            4.560
          4.602           0.945            0.000            0.030            4.611
          4.652           0.944            0.000            0.030            4.661
          4.702           0.943            0.000            0.031            4.711
          4.752           0.942            0.000            0.031            4.761
          4.802           0.941            0.000            0.032            4.811
          4.852           0.940            0.000            0.032            4.861
          4.901           0.940            0.000            0.033            4.911
          4.952           0.940            0.000            0.035            4.961
          5.002           0.939            0.000            0.036            5.011
          5.052           0.939            0.000            0.036            5.061
          5.102           0.937            0.000            0.036            5.111
          5.152           0.936            0.000            0.036            5.162
          5.202           0.934            0.000            0.036            5.211
          5.252           0.933            0.000            0.036            5.261
          5.302           0.932            0.000            0.037            5.311
          5.352           0.932            0.000            0.038            5.361
          5.402           0.931            0.000            0.039            5.411
          5.452           0.930            0.000            0.039            5.462
          5.503           0.929            0.000            0.039            5.512
          5.553           0.927            0.000            0.039            5.562
          5.603           0.925            0.000            0.039            5.612
          5.652           0.924            0.000            0.039            5.662
          5.702           0.923            0.000            0.039            5.711
          5.752           0.923            0.000            0.040            5.761
          5.802           0.922            0.000            0.041            5.811
          5.853           0.921            0.000            0.042            5.862
          5.903           0.920            0.000            0.042            5.912
          5.953           0.918            0.000            0.041            5.963
          6.003           0.916            0.000            0.041            6.012
          6.053           0.914            0.000            0.041            6.062
          6.103           0.913            0.000            0.041            6.112
          6.152           0.912            0.000            0.041            6.162
          6.203           0.911            0.000            0.042            6.212
          6.253           0.910            0.000            0.042            6.262
          6.303           0.908            0.000            0.042            6.312
          6.353           0.907            0.000            0.042            6.363
          6.403           0.905            0.000            0.042            6.413
          6.453           0.903            0.000            0.042            6.463
          6.503           0.902            0.000            0.042            6.513
          6.553           0.900            0.000            0.042            6.563
          6.603           0.899            0.000            0.042            6.613
          6.653           0.897            0.000            0.042            6.663
          6.703           0.896            0.000            0.042            6.713
          6.753           0.895            0.000            0.043            6.763
          6.803           0.893            0.000            0.043            6.813
          6.853           0.891            0.000            0.043            6.863
          6.903           0.890            0.000            0.043            6.913
          6.953           0.888            0.000            0.042            6.963
          7.003           0.886            0.000            0.042            7.013
          7.053           0.884            0.000            0.042            7.063
          7.103           0.883            0.000            0.042            7.113
          7.153           0.881            0.000            0.042            7.163
          7.203           0.880            0.000            0.042            7.213
          7.253           0.878            0.000            0.042            7.263
          7.303           0.877            0.000            0.042            7.313
          7.353           0.876            0.000            0.043            7.363
          7.403           0.874            0.000            0.043            7.413
          7.454           0.872            0.000            0.042            7.464
          7.504           0.870            0.000            0.042            7.514
          7.554           0.868            0.000            0.042            7.564
          7.603           0.866            0.000            0.041            7.613
          7.653           0.865            0.000            0.042            7.663
          7.703           0.864            0.000            0.042            7.713
          7.753           0.864            0.000            0.043            7.763
          7.803           0.863            0.000            0.044            7.813
          7.853           0.862            0.000            0.044            7.864
          7.904           0.860            0.000            0.044            7.914
          7.954           0.858            0.000            0.044            7.964
          8.004           0.855            0.000            0.043            8.014
          8.054           0.853            0.000            0.043            8.064
          8.103           0.852            0.000            0.043            8.114
          8.153           0.851            0.000            0.044            8.163
          8.203           0.850            0.000            0.045            8.213
          8.253           0.850            0.000            0.045            8.263
          8.303           0.849            0.000            0.046            8.314
          8.354           0.847            0.000            0.046            8.364
          8.404           0.846            0.000            0.046            8.414
          8.454           0.844            0.000            0.046            8.464
          8.504           0.842            0.000            0.046            8.514
          8.554           0.841            0.000            0.046            8.564
          8.603           0.840            0.000            0.047            8.614
          8.653           0.839            0.000            0.047            8.664
          8.703           0.838            0.000            0.048            8.714
          8.753           0.837            0.000            0.049            8.764
          8.803           0.837            0.000            0.050            8.814
          8.853           0.836            0.000            0.051            8.864
          8.904           0.834            0.000            0.051            8.914
          8.954           0.833            0.000            0.051            8.965
          9.004           0.831            0.000            0.051            9.015
          9.054           0.829            0.000            0.051            9.065
          9.104           0.828            0.000            0.051            9.115
          9.154           0.826            0.000            0.051            9.165
          9.204           0.825            0.000            0.051            9.215
          9.254           0.823            0.000            0.051            9.264
          9.304           0.822            0.000            0.052            9.314
          9.354           0.821            0.000            0.052            9.365
          9.404           0.820            0.000            0.052            9.415
          9.454           0.818            0.000            0.052            9.465
          9.505           0.816            0.000            0.052            9.516
          9.555           0.814            0.000            0.051            9.566
          9.605           0.811            0.000            0.050            9.616
          9.655           0.809            0.000            0.050            9.666
          9.705           0.807            0.000            0.049            9.716
          9.754           0.805            0.000            0.049            9.765
          9.804           0.804            0.000            0.049            9.815
          9.854           0.802            0.000            0.049            9.865
          9.904           0.801            0.000            0.049            9.915
          9.954           0.799            0.000            0.049            9.965
         10.004           0.797            0.000            0.049           10.016
         10.054           0.796            0.000            0.049           10.066
         10.105           0.794            0.000            0.048           10.116
         10.155           0.792            0.000            0.048           10.166
         10.205           0.790            0.000            0.048           10.216
         10.254           0.788            0.000            0.048           10.266
         10.304           0.786            0.000            0.047           10.316
         10.354           0.785            0.000            0.047           10.366
         10.404           0.783            0.000            0.047           10.416
         10.454           0.782            0.000            0.048           10.466
         10.504           0.781            0.000            0.048           10.516
         10.554           0.779            0.000            0.048           10.566
         10.604           0.778            0.000            0.048           10.616
         10.654           0.776            0.000            0.048           10.666
         10.704           0.775            0.000            0.048           10.716
         10.754           0.773            0.000            0.048           10.766
         10.804           0.771            0.000            0.048           10.816
         10.854           0.770            0.000            0.048           10.866
         10.904           0.768            0.000            0.048           10.916
         10.954           0.767            0.000            0.048           10.966
         11.004           0.765            0.000            0.048           11.016
         11.054           0.764            0.000            0.048           11.066
         11.104           0.763            0.000            0.048           11.116
         11.154           0.761            0.000            0.048           11.166
         11.204           0.760            0.000            0.049           11.216
         11.254           0.759            0.000            0.049           11.266
         11.305           0.757            0.000            0.049           11.316
         11.355           0.756            0.000            0.049           11.367
         11.405           0.754            0.000            0.048           11.417
         11.455           0.751            0.000            0.047           11.467
         11.505           0.749            0.000            0.047           11.517
         11.555           0.747            0.000            0.046           11.567
         11.604           0.745            0.000            0.046           11.617
         11.654           0.744            0.000            0.046           11.666
         11.704           0.743            0.000            0.047           11.716
         11.754           0.743            0.000            0.047           11.766
         11.804           0.742            0.000            0.048           11.816
         11.854           0.741            0.000            0.049           11.866
         11.905           0.740            0.000            0.049           11.917
         11.955           0.739            0.000            0.049           11.967
         12.005           0.737            0.000            0.049           12.018
         12.056           0.734            0.000            0.048           12.068
         12.105           0.732            0.000            0.047           12.118
         12.155           0.730            0.000            0.046           12.168
         12.205           0.728            0.000            0.046           12.217
         12.254           0.726            0.000            0.046           12.267
         12.304           0.726            0.000            0.046           12.316
         12.354           0.725            0.000            0.047           12.366
         12.404           0.725            0.000            0.048           12.416
         12.454           0.724            0.000            0.049           12.466
         12.504           0.724            0.000            0.050           12.517
         12.555           0.722            0.000            0.050           12.567
         12.605           0.721            0.000            0.050           12.618
         12.655           0.719            0.000            0.049           12.668
         12.705           0.717            0.000            0.048           12.718
         12.755           0.714            0.000            0.048           12.768
         12.805           0.713            0.000            0.047           12.818
         12.854           0.711            0.000            0.047           12.867
         12.904           0.710            0.000            0.048           12.917
         12.954           0.710            0.000            0.049           12.967
         13.004           0.710            0.000            0.049           13.017
         13.054           0.709            0.000            0.050           13.067
         13.104           0.708            0.000            0.051           13.117
         13.155           0.707            0.000            0.051           13.168
         13.205           0.706            0.000            0.051           13.218
         13.256           0.704            0.000            0.050           13.268
         13.306           0.701            0.000            0.049           13.319
         13.356           0.699            0.000            0.048           13.369
         13.406           0.696            0.000            0.047           13.419
         13.455           0.694            0.000            0.046           13.468
         13.505           0.693            0.000            0.046           13.518
         13.555           0.691            0.000            0.046           13.568
         13.604           0.691            0.000            0.046           13.617
         13.654           0.690            0.000            0.047           13.667
         13.704           0.690            0.000            0.048           13.717
         13.754           0.689            0.000            0.049           13.767
         13.805           0.689            0.000            0.049           13.818
         13.855           0.687            0.000            0.049           13.868
         13.906           0.685            0.000            0.049           13.919
         13.956           0.683            0.000            0.048           13.969
         14.006           0.680            0.000            0.046           14.019
         14.056           0.678            0.000            0.045           14.069
         14.106           0.675            0.000            0.043           14.119
         14.155           0.673            0.000            0.043           14.169
         14.205           0.672            0.000            0.043           14.218
         14.254           0.671            0.000            0.043           14.267
         14.304           0.671            0.000            0.044           14.317
         14.353           0.672            0.000            0.046           14.367
         14.403           0.672            0.000            0.048           14.417
         14.454           0.673            0.000            0.049           14.467
         14.505           0.672            0.000            0.050           14.518
         14.556           0.670            0.000            0.050           14.569
         14.606           0.668            0.000            0.048           14.620
         14.657           0.666            0.000            0.047           14.670
         14.707           0.663            0.000            0.045           14.720
         14.756           0.660            0.000            0.044           14.770
         14.806           0.658            0.000            0.042           14.819
         14.855           0.656            0.000            0.042           14.869
         14.904           0.656            0.000            0.043           14.918
         14.954           0.656            0.000            0.044           14.968
         15.004           0.656            0.000            0.045           15.017
         15.054           0.656            0.000            0.047           15.068
         15.104           0.656            0.000            0.048           15.118
         15.155           0.656            0.000            0.048           15.169
         15.206           0.654            0.000            0.048           15.219
         15.256           0.652            0.000            0.047           15.270
         15.306           0.650            0.000            0.046           15.320
         15.356           0.648            0.000            0.045           15.370
         15.405           0.647            0.000            0.045           15.419
         15.455           0.645            0.000            0.044           15.469
         15.504           0.645            0.000            0.045           15.518
         15.554           0.645            0.000            0.046           15.568
         15.603           0.646            0.000            0.048           15.617
         15.653           0.647            0.000            0.050           15.667
         15.703           0.648            0.000            0.053           15.717
         15.754           0.649            0.000            0.054           15.768
         15.805           0.649            0.000            0.055           15.819
         15.855           0.648            0.000            0.055           15.869
         15.906           0.647            0.000            0.055           15.920
         15.956           0.645            0.000            0.054           15.970
         16.006           0.643            0.000            0.054           16.020
         16.056           0.642            0.000            0.053           16.070
         16.106           0.640            0.000            0.052           16.120
         16.155           0.639            0.000            0.052           16.169
         16.205           0.639            0.000            0.053           16.219
         16.254           0.638            0.000            0.053           16.269
         16.304           0.638            0.000            0.054           16.318
         16.354           0.638            0.000            0.055           16.368
         16.405           0.638            0.000            0.056           16.419
         16.455           0.638            0.000            0.057           16.469
         16.506           0.637            0.000            0.057           16.520
         16.556           0.635            0.000            0.056           16.571
         16.607           0.633            0.000            0.055           16.621
         16.657           0.631            0.000            0.054           16.671
         16.707           0.628            0.000            0.052           16.722
         16.757           0.626            0.000            0.050           16.771
         16.807           0.623            0.000            0.049           16.821
         16.856           0.621            0.000            0.048           16.871
         16.906           0.620            0.000            0.047           16.920
         16.955           0.619            0.000            0.047           16.970
         17.005           0.618            0.000            0.047           17.020
         17.055           0.618            0.000            0.047           17.069
         17.104           0.618            0.000            0.048           17.119
         17.154           0.618            0.000            0.049           17.169
         17.204           0.618            0.000            0.050           17.219
         17.255           0.618            0.000            0.051           17.269
         17.305           0.618            0.000            0.052           17.320
         17.356           0.617            0.000            0.052           17.370
         17.406           0.616            0.000            0.052           17.420
         17.456           0.615            0.000            0.051           17.470
         17.506           0.614            0.000            0.051           17.520
         17.556           0.613            0.000            0.051           17.570
         17.605           0.612            0.000            0.051           17.620
         17.655           0.612            0.000            0.051           17.670
         17.705           0.612            0.000            0.052           17.719
         17.755           0.612            0.000            0.053           17.769
         17.805           0.612            0.000            0.054           17.819
         17.855           0.612            0.000            0.054           17.869
         17.905           0.612            0.000            0.055           17.919
         17.955           0.612            0.000            0.056           17.970
         18.005           0.612            0.000            0.056           18.020
         18.056           0.611            0.000            0.056           18.070
         18.106           0.610            0.000            0.056           18.121
         18.156           0.609            0.000            0.056           18.171
         18.206           0.608            0.000            0.056           18.221
         18.256           0.607            0.000            0.055           18.270
         18.305           0.606            0.000            0.056           18.320
         18.355           0.606            0.000            0.056           18.370
         18.404           0.607            0.000            0.057           18.419
         18.454           0.607            0.000            0.058           18.469
         18.504           0.608            0.000            0.060           18.519
         18.554           0.609            0.000            0.061           18.569
         18.604           0.609            0.000            0.063           18.619
         18.655           0.610            0.000            0.064           18.670
         18.706           0.609            0.000            0.064           18.721
         18.756           0.608            0.000            0.064           18.771
         18.807           0.607            0.000            0.063           18.822
         18.857           0.606            0.000            0.062           18.872
         18.907           0.604            0.000            0.061           18.921
         18.956           0.603            0.000            0.061           18.971
         19.006           0.602            0.000            0.061           19.021
         19.056           0.602            0.000            0.061           19.070
         19.105           0.601            0.000            0.061           19.120
         19.155           0.601            0.000            0.061           19.170
         19.205           0.601            0.000            0.062           19.220
         19.255           0.601            0.000            0.063           19.270
         19.306           0.601            0.000            0.063           19.321
         19.356           0.600            0.000            0.063           19.371
         19.407           0.599            0.000            0.062           19.422
         19.457           0.598            0.000            0.061           19.472
         19.507           0.596            0.000            0.060           19.522
         19.557           0.594            0.000            0.059           19.572
         19.607           0.593            0.000            0.058           19.622
         19.656           0.592            0.000            0.058           19.671
         19.706           0.592            0.000            0.058           19.720
         19.755           0.592            0.000            0.059           19.770
         19.805           0.592            0.000            0.059           19.820
         19.855           0.593            0.000            0.060           19.870
         19.905           0.593            0.000            0.062           19.920
         19.955           0.594            0.000            0.063           19.970
         20.005           0.594            0.000            0.063           20.020
         20.055           0.594            0.000            0.064           20.070
         20.106           0.594            0.000            0.064           20.120
         20.156           0.594            0.000            0.065           20.171
         20.206           0.593            0.000            0.065           20.221
         20.256           0.593            0.000            0.065           20.271
         20.306           0.592            0.000            0.065           20.321
         20.356           0.592            0.000            0.064           20.371
         20.406           0.591            0.000            0.064           20.421
         20.456           0.590            0.000            0.064           20.471
         20.506           0.590            0.000            0.064           20.521
         20.556           0.590            0.000            0.064           20.571
         20.606           0.589            0.000            0.065           20.621
         20.656           0.589            0.000            0.065           20.671
         20.706           0.589            0.000            0.065           20.721
         20.756           0.588            0.000            0.065           20.771
         20.806           0.588            0.000            0.065           20.821
         20.856           0.587            0.000            0.064           20.871
         20.906           0.587            0.000            0.064           20.921
         20.956           0.586            0.000            0.064           20.971
         21.006           0.585            0.000            0.064           21.021
         21.056           0.585            0.000            0.064           21.071
         21.106           0.585            0.000            0.064           21.121
         21.156           0.584            0.000            0.064           21.171
         21.206           0.584            0.000            0.064           21.221
         21.255           0.585            0.000            0.065           21.270
         21.305           0.585            0.000            0.066           21.320
         21.355           0.585            0.000            0.066           21.370
         21.405           0.586            0.000            0.067           21.420
         21.455           0.586            0.000            0.068           21.470
         21.505           0.587            0.000            0.069           21.520
         21.556           0.587            0.000            0.069           21.571
         21.606           0.587            0.000            0.070           21.621
         21.656           0.587            0.000            0.070           21.671
         21.706           0.587            0.000            0.070           21.721
         21.756           0.586            0.000            0.070           21.771
         21.807           0.586            0.000            0.070           21.822
         21.857           0.585            0.000            0.070           21.872
         21.907           0.585            0.000            0.069           21.922
         21.957           0.584            0.000            0.069           21.972
         22.006           0.584            0.000            0.069           22.022
         22.056           0.583            0.000            0.069           22.071
         22.106           0.583            0.000            0.069           22.121
         22.156           0.583            0.000            0.069           22.171
         22.206           0.583            0.000            0.069           22.221
         22.256           0.582            0.000            0.069           22.271
         22.306           0.582            0.000            0.069           22.321
         22.357           0.582            0.000            0.069           22.372
         22.407           0.581            0.000            0.069           22.422
         22.457           0.581            0.000            0.069           22.472
         22.507           0.581            0.000            0.069           22.522
         22.557           0.580            0.000            0.068           22.572
         22.606           0.580            0.000            0.068           22.622
         22.656           0.579            0.000            0.068           22.671
         22.706           0.579            0.000            0.068           22.721
         22.756           0.579            0.000            0.069           22.771
         22.806           0.579            0.000            0.069           22.821
         22.855           0.580            0.000            0.070           22.871
         22.905           0.580            0.000            0.070           22.920
         22.955           0.581            0.000            0.071           22.970
         23.005           0.582            0.000            0.072           23.020
         23.055           0.582            0.000            0.073           23.070
         23.106           0.583            0.000            0.073           23.121
         23.156           0.583            0.000            0.074           23.171
         23.206           0.583            0.000            0.074           23.221
         23.256           0.583            0.000            0.074           23.271
         23.307           0.583            0.000            0.074           23.322
         23.357           0.582            0.000            0.074           23.372
         23.407           0.582            0.000            0.074           23.422
         23.457           0.582            0.000            0.074           23.472
         23.507           0.582            0.000            0.074           23.522
         23.556           0.581            0.000            0.074           23.571
         23.606           0.582            0.000            0.074           23.621
         23.656           0.582            0.000            0.074           23.671
         23.707           0.581            0.000            0.074           23.722
         23.757           0.581            0.000            0.074           23.772
         23.807           0.581            0.000            0.074           23.822
         23.857           0.580            0.000            0.074           23.872
         23.907           0.580            0.000            0.073           23.922
         23.957           0.579            0.000            0.073           23.972
         24.007           0.579            0.000            0.073           24.022
         24.057           0.578            0.000            0.072           24.072
         24.107           0.578            0.000            0.072           24.122
         24.156           0.578            0.000            0.072           24.172
         24.206           0.578            0.000            0.073           24.221
         24.256           0.579            0.000            0.073           24.271
         24.306           0.579            0.000            0.074           24.321
         24.356           0.579            0.000            0.074           24.371
         24.406           0.580            0.000            0.075           24.421
         24.456           0.580            0.000            0.075           24.472
         24.507           0.580            0.000            0.075           24.522
         24.557           0.580            0.000            0.075           24.572
         24.607           0.579            0.000            0.074           24.623
         24.657           0.578            0.000            0.074           24.673
         24.707           0.578            0.000            0.073           24.722
         24.757           0.578            0.000            0.073           24.772
         24.806           0.578            0.000            0.073           24.821
         24.856           0.578            0.000            0.074           24.871
         24.906           0.579            0.000            0.075           24.921
         24.955           0.580            0.000            0.075           24.970
         25.005           0.581            0.000            0.077           25.020
         25.055           0.582            0.000            0.078           25.070
         25.106           0.582            0.000            0.079           25.121
         25.156           0.583            0.000            0.079           25.171
         25.206           0.583            0.000            0.080           25.221
         25.257           0.584            0.000            0.080           25.272
         25.307           0.584            0.000            0.080           25.322
         25.357           0.584            0.000            0.080           25.372
         25.407           0.584            0.000            0.080           25.422
         25.457           0.584            0.000            0.080           25.472
         25.507           0.584            0.000            0.080           25.522
         25.557           0.584            0.000            0.080           25.572
         25.607           0.583            0.000            0.080           25.622
         25.657           0.583            0.000            0.080           25.672
         25.707           0.583            0.000            0.080           25.722
         25.757           0.583            0.000            0.080           25.772
         25.807           0.583            0.000            0.080           25.822
         25.857           0.583            0.000            0.080           25.872
         25.907           0.583            0.000            0.080           25.922
         25.957           0.583            0.000            0.080           25.972
         26.007           0.583            0.000            0.080           26.022
         26.057           0.584            0.000            0.081           26.072
         26.107           0.584            0.000            0.081           26.122
         26.157           0.584            0.000            0.081           26.172
         26.207           0.584            0.000            0.081           26.222
         26.257           0.584            0.000            0.082           26.272
         26.307           0.585            0.000            0.082           26.322
         26.357           0.585            0.000            0.082           26.372
         26.407           0.585            0.000            0.082           26.422
         26.457           0.585            0.000            0.083           26.472
         26.507           0.585            0.000            0.083           26.522
         26.557           0.585            0.000            0.083           26.572
         26.607           0.585            0.000            0.082           26.623
         26.657           0.585            0.000            0.082           26.672
         26.707           0.585            0.000            0.082           26.722
         26.757           0.585            0.000            0.082           26.772
         26.807           0.585            0.000            0.082           26.822
         26.857           0.585            0.000            0.083           26.872
         26.907           0.585            0.000            0.083           26.922
         26.957           0.586            0.000            0.083           26.972
         27.007           0.586            0.000            0.083           27.022
         27.057           0.586            0.000            0.084           27.072
         27.108           0.586            0.000            0.084           27.123
         27.158           0.586            0.000            0.083           27.173
         27.208           0.585            0.000            0.083           27.224
         27.259           0.584            0.000            0.082           27.274
         27.309           0.583            0.000            0.081           27.324
         27.359           0.583            0.000            0.080           27.374
         27.408           0.582            0.000            0.079           27.424
         27.458           0.581            0.000            0.079           27.473
         27.507           0.581            0.000            0.079           27.523
         27.557           0.581            0.000            0.079           27.572
         27.607           0.582            0.000            0.079           27.622
         27.657           0.582            0.000            0.080           27.672
         27.707           0.583            0.000            0.080           27.722
         27.757           0.583            0.000            0.080           27.772
         27.807           0.583            0.000            0.081           27.823
         27.858           0.583            0.000            0.081           27.873
         27.908           0.583            0.000            0.080           27.923
         27.958           0.583            0.000            0.080           27.973
         28.008           0.582            0.000            0.079           28.023
         28.058           0.582            0.000            0.079           28.074
         28.108           0.581            0.000            0.078           28.123
         28.158           0.581            0.000            0.078           28.173
         28.207           0.581            0.000            0.078           28.223
         28.257           0.581            0.000            0.078           28.272
         28.306           0.582            0.000            0.079           28.322
         28.356           0.583            0.000            0.080           28.371
         28.406           0.583            0.000            0.081           28.421
         28.457           0.584            0.000            0.081           28.472
         28.507           0.585            0.000            0.082           28.522
         28.558           0.585            0.000            0.082           28.573
         28.609           0.584            0.000            0.081           28.624
         28.659           0.584            0.000            0.081           28.674
         28.709           0.583            0.000            0.080           28.725
         28.759           0.582            0.000            0.079           28.775
         28.809           0.580            0.000            0.077           28.824
         28.859           0.580            0.000            0.077           28.874
         28.908           0.579            0.000            0.076           28.923
         28.958           0.579            0.000            0.076           28.973
         29.007           0.579            0.000            0.076           29.022
         29.057           0.580            0.000            0.077           29.072
         29.106           0.581            0.000            0.078           29.122
         29.157           0.582            0.000            0.079           29.172
         29.207           0.582            0.000            0.079           29.223
         29.258           0.582            0.000            0.079           29.273
         29.309           0.582            0.000            0.079           29.324
         29.359           0.581            0.000            0.078           29.375
         29.409           0.580            0.000            0.077           29.425
         29.459           0.579            0.000            0.076           29.474
         29.509           0.579            0.000            0.076           29.524
         29.558           0.578            0.000            0.075           29.573
         29.608           0.578            0.000            0.075           29.623
         29.657           0.579            0.000            0.076           29.672
         29.706           0.580            0.000            0.076           29.722
         29.756           0.581            0.000            0.078           29.771
         29.806           0.582            0.000            0.079           29.821
         29.856           0.583            0.000            0.080           29.872
         29.907           0.584            0.000            0.081           29.923
         29.958           0.584            0.000            0.081           29.973
         30.009           0.584            0.000            0.081           30.024
         30.059           0.583            0.000            0.080           30.075
         30.110           0.582            0.000            0.079           30.125
         30.160           0.581            0.000            0.078           30.175
         30.210           0.580            0.000            0.077           30.225
         30.259           0.579            0.000            0.076           30.275
         30.309           0.579            0.000            0.076           30.324
         30.358           0.579            0.000            0.075           30.373
         30.407           0.579            0.000            0.076           30.423
         30.457           0.580            0.000            0.076           30.472
         30.507           0.581            0.000            0.077           30.522
         30.557           0.581            0.000            0.078           30.573
         30.608           0.582            0.000            0.078           30.623
         30.659           0.582            0.000            0.078           30.675
         30.710           0.581            0.000            0.077           30.726
         30.761           0.579            0.000            0.076           30.776
         30.810           0.578            0.000            0.074           30.826
         30.860           0.576            0.000            0.073           30.875
         30.909           0.576            0.000            0.072           30.924
         30.958           0.576            0.000            0.072           30.974
         31.007           0.576            0.000            0.073           31.023
         31.056           0.577            0.000            0.074           31.072
         31.106           0.579            0.000            0.075           31.122
         31.156           0.580            0.000            0.077           31.172
         31.207           0.582            0.000            0.078           31.222
         31.258           0.582            0.000            0.079           31.273
         31.309           0.582            0.000            0.079           31.325
         31.360           0.581            0.000            0.078           31.376
         31.411           0.580            0.000            0.077           31.426
         31.461           0.578            0.000            0.075           31.477
         31.511           0.577            0.000            0.073           31.526
         31.560           0.576            0.000            0.072           31.575
         31.609           0.575            0.000            0.072           31.624
         31.657           0.576            0.000            0.072           31.673
         31.706           0.577            0.000            0.073           31.722
         31.756           0.578            0.000            0.075           31.771
         31.805           0.580            0.000            0.077           31.821
         31.856           0.582            0.000            0.079           31.872
         31.907           0.584            0.000            0.080           31.923
         31.959           0.584            0.000            0.081           31.975
         32.011           0.583            0.000            0.080           32.026
         32.062           0.582            0.000            0.078           32.078
         32.112           0.579            0.000            0.076           32.128
         32.162           0.577            0.000            0.074           32.178
         32.210           0.576            0.000            0.072           32.226
         32.259           0.575            0.000            0.072           32.275
         32.308           0.575            0.000            0.072           32.324
         32.356           0.576            0.000            0.073           32.372
         32.405           0.578            0.000            0.075           32.421
         32.454           0.581            0.000            0.078           32.470
         32.505           0.584            0.000            0.081           32.521
         32.556           0.586            0.000            0.083           32.573
         32.609           0.586            0.000            0.083           32.625
         32.661           0.586            0.000            0.083           32.677
         32.713           0.584            0.000            0.081           32.729
         32.763           0.581            0.000            0.078           32.779
         32.812           0.579            0.000            0.076           32.828
         32.861           0.577            0.000            0.074           32.877
         32.910           0.576            0.000            0.073           32.926
         32.958           0.576            0.000            0.073           32.975
         33.007           0.577            0.000            0.074           33.023
         33.055           0.579            0.000            0.076           33.072
         33.104           0.582            0.000            0.079           33.121
         33.155           0.584            0.000            0.082           33.171
         33.206           0.587            0.000            0.084           33.223
         33.259           0.587            0.000            0.085           33.276
         33.312           0.586            0.000            0.083           33.329
         33.363           0.584            0.000            0.081           33.380
         33.413           0.581            0.000            0.078           33.430
         33.462           0.578            0.000            0.076           33.479
         33.511           0.576            0.000            0.074           33.528
         33.560           0.575            0.000            0.073           33.577
         33.608           0.576            0.000            0.073           33.625
         33.657           0.577            0.000            0.074           33.674
         33.705           0.579            0.000            0.076           33.722
         33.755           0.581            0.000            0.079           33.772
         33.805           0.584            0.000            0.082           33.822
         33.857           0.586            0.000            0.084           33.874
         33.909           0.587            0.000            0.084           33.927
         33.962           0.585            0.000            0.083           33.980
         34.013           0.583            0.000            0.081           34.031
         34.063           0.580            0.000            0.078           34.081
         34.112           0.578            0.000            0.076           34.130
         34.161           0.576            0.000            0.074           34.178
         34.209           0.576            0.000            0.074           34.227
         34.258           0.576            0.000            0.074           34.275
         34.306           0.578            0.000            0.076           34.324
         34.355           0.580            0.000            0.078           34.373
         34.404           0.583            0.000            0.081           34.422
         34.455           0.586            0.000            0.084           34.472
         34.507           0.588            0.000            0.086           34.525
         34.561           0.588            0.000            0.087           34.578
         34.613           0.587            0.000            0.085           34.631
         34.664           0.584            0.000            0.082           34.682
         34.713           0.582            0.000            0.080           34.731
         34.762           0.580            0.000            0.078           34.780
         34.810           0.579            0.000            0.077           34.828
         34.859           0.579            0.000            0.077           34.876
         34.907           0.580            0.000            0.078           34.925
         34.956           0.581            0.000            0.080           34.974
         35.006           0.583            0.000            0.082           35.024
         35.055           0.586            0.000            0.084           35.073
         35.107           0.588            0.000            0.087           35.125
         35.160           0.589            0.000            0.087           35.178
         35.212           0.588            0.000            0.086           35.231
         35.264           0.585            0.000            0.084           35.282
         35.314           0.582            0.000            0.081           35.332
         35.362           0.580            0.000            0.079           35.381
         35.411           0.579            0.000            0.078           35.429
         35.459           0.579            0.000            0.078           35.478
         35.508           0.579            0.000            0.078           35.526
         35.557           0.580            0.000            0.079           35.576
         35.607           0.582            0.000            0.081           35.625
         35.656           0.584            0.000            0.083           35.675
         35.707           0.586            0.000            0.085           35.726
         35.759           0.587            0.000            0.086           35.777
         35.811           0.586            0.000            0.085           35.830
         35.863           0.585            0.000            0.084           35.882
         35.913           0.582            0.000            0.081           35.932
         35.962           0.580            0.000            0.079           35.981
         36.011           0.579            0.000            0.078           36.029
         36.059           0.579            0.000            0.078           36.078
         36.108           0.579            0.000            0.079           36.127
         36.158           0.580            0.000            0.080           36.176
         36.208           0.582            0.000            0.081           36.226
         36.258           0.583            0.000            0.082           36.276
         36.308           0.584            0.000            0.084           36.327
         36.359           0.585            0.000            0.084           36.378
         36.410           0.585            0.000            0.084           36.429
         36.462           0.584            0.000            0.083           36.480
         36.512           0.582            0.000            0.082           36.530
         36.561           0.581            0.000            0.081           36.580
         36.611           0.581            0.000            0.080           36.630
         36.661           0.580            0.000            0.080           36.679
         36.710           0.580            0.000            0.080           36.729
         36.760           0.580            0.000            0.080           36.778
         36.809           0.580            0.000            0.080           36.828
         36.859           0.581            0.000            0.081           36.877
         36.909           0.582            0.000            0.081           36.927
         36.959           0.582            0.000            0.082           36.978
         37.011           0.582            0.000            0.082           37.029
         37.062           0.581            0.000            0.081           37.081
         37.112           0.580            0.000            0.080           37.131
         37.162           0.579            0.000            0.079           37.181
         37.211           0.578            0.000            0.078           37.230
         37.260           0.577            0.000            0.077           37.279
         37.309           0.577            0.000            0.078           37.328
         37.359           0.578            0.000            0.078           37.378
         37.409           0.579            0.000            0.079           37.428
         37.459           0.579            0.000            0.079           37.478
         37.509           0.580            0.000            0.080           37.528
         37.560           0.580            0.000            0.080           37.579
         37.611           0.580            0.000            0.080           37.629
         37.661           0.579            0.000            0.080           37.680
         37.711           0.579            0.000            0.079           37.730
         37.761           0.578            0.000            0.078           37.780
         37.811           0.577            0.000            0.077           37.830
         37.861           0.576            0.000            0.077           37.880
         37.911           0.576            0.000            0.076           37.930
         37.960           0.576            0.000            0.076           37.979
         38.010           0.575            0.000            0.076           38.029
         38.060           0.575            0.000            0.076           38.079
         38.110           0.576            0.000            0.076           38.129
         38.160           0.576            0.000            0.076           38.179
         38.211           0.575            0.000            0.076           38.230
         38.261           0.575            0.000            0.075           38.280
         38.311           0.574            0.000            0.075           38.330
         38.361           0.574            0.000            0.075           38.379
         38.410           0.574            0.000            0.075           38.429
         38.460           0.574            0.000            0.075           38.478
         38.510           0.575            0.000            0.075           38.528
         38.560           0.575            0.000            0.076           38.579
         38.611           0.575            0.000            0.076           38.629
         38.661           0.575            0.000            0.076           38.680
         38.711           0.574            0.000            0.075           38.730
         38.761           0.574            0.000            0.074           38.780
         38.811           0.573            0.000            0.074           38.829
         38.860           0.573            0.000            0.074           38.879
         38.910           0.574            0.000            0.075           38.929
         38.960           0.574            0.000            0.075           38.979
         39.010           0.575            0.000            0.075           39.029
         39.061           0.575            0.000            0.076           39.079
         39.111           0.574            0.000            0.075           39.130
         39.161           0.574            0.000            0.075           39.180
         39.211           0.574            0.000            0.075           39.230
         39.261           0.574            0.000            0.075           39.279
         39.311           0.574            0.000            0.075           39.329
         39.361           0.574            0.000            0.075           39.379
         39.411           0.574            0.000            0.075           39.430
         39.461           0.574            0.000            0.075           39.480
         39.511           0.573            0.000            0.074           39.530
         39.561           0.573            0.000            0.074           39.580
         39.611           0.573            0.000            0.074           39.630
         39.661           0.573            0.000            0.074           39.679
         39.711           0.573            0.000            0.074           39.729
         39.760           0.573            0.000            0.074           39.779
         39.810           0.573            0.000            0.074           39.829
         39.860           0.573            0.000            0.075           39.879
         39.911           0.573            0.000            0.075           39.930
         39.961           0.573            0.000            0.074           39.980
         40.012           0.573            0.000            0.074           40.031
         40.062           0.572            0.000            0.073           40.081
         40.112           0.571            0.000            0.072           40.131
         40.161           0.571            0.000            0.072           40.180
         40.211           0.571            0.000            0.072           40.230
         40.260           0.571            0.000            0.072           40.279
         40.310           0.571            0.000            0.073           40.329
         40.360           0.572            0.000            0.073           40.379
         40.411           0.572            0.000            0.074           40.429
         40.461           0.572            0.000            0.074           40.480
         40.512           0.572            0.000            0.073           40.531
         40.562           0.571            0.000            0.073           40.581
         40.612           0.570            0.000            0.072           40.631
         40.662           0.570            0.000            0.072           40.680
         40.711           0.569            0.000            0.071           40.730
         40.761           0.569            0.000            0.071           40.780
         40.811           0.569            0.000            0.071           40.830
         40.861           0.569            0.000            0.071           40.880
         40.911           0.568            0.000            0.071           40.930
         40.961           0.568            0.000            0.071           40.980
         41.012           0.568            0.000            0.071           41.031
         41.062           0.567            0.000            0.070           41.081
         41.112           0.566            0.000            0.070           41.131
         41.162           0.566            0.000            0.069           41.181
         41.212           0.565            0.000            0.069           41.231
         41.262           0.565            0.000            0.069           41.280
         41.311           0.564            0.000            0.069           41.330
         41.361           0.564            0.000            0.069           41.380
         41.411           0.564            0.000            0.069           41.430
         41.461           0.564            0.000            0.069           41.480
         41.511           0.564            0.000            0.070           41.530
         41.562           0.564            0.000            0.070           41.581
         41.612           0.563            0.000            0.069           41.631
         41.662           0.563            0.000            0.069           41.681
         41.712           0.562            0.000            0.069           41.731
         41.762           0.562            0.000            0.069           41.781
         41.812           0.561            0.000            0.069           41.831
         41.862           0.561            0.000            0.069           41.881
         41.912           0.561            0.000            0.069           41.931
         41.962           0.560            0.000            0.069           41.981
         42.012           0.560            0.000            0.069           42.030
         42.061           0.560            0.000            0.069           42.080
         42.111           0.560            0.000            0.070           42.130
         42.161           0.560            0.000            0.070           42.180
         42.211           0.560            0.000            0.071           42.230
         42.261           0.560            0.000            0.072           42.280
         42.311           0.561            0.000            0.072           42.330
         42.362           0.561            0.000            0.073           42.380
         42.412           0.560            0.000            0.073           42.431
         42.463           0.560            0.000            0.073           42.481
         42.513           0.559            0.000            0.072           42.532
         42.562           0.558            0.000            0.072           42.581
         42.612           0.558            0.000            0.072           42.631
         42.661           0.558            0.000            0.073           42.680
         42.711           0.558            0.000            0.073           42.730
         42.761           0.558            0.000            0.074           42.780
         42.811           0.558            0.000            0.075           42.830
         42.862           0.558            0.000            0.076           42.881
         42.913           0.558            0.000            0.076           42.932
         42.963           0.557            0.000            0.075           42.982
         43.012           0.556            0.000            0.075           43.031
         43.062           0.556            0.000            0.075           43.081
         43.112           0.555            0.000            0.076           43.131
         43.162           0.555            0.000            0.076           43.181
         43.212           0.555            0.000            0.076           43.231
         43.262           0.554            0.000            0.076           43.281
         43.313           0.553            0.000            0.077           43.332
         43.363           0.553            0.000            0.077           43.382
         43.413           0.552            0.000            0.077           43.432
         43.462           0.552            0.000            0.077           43.481
         43.512           0.551            0.000            0.077           43.531
         43.563           0.551            0.000            0.077           43.582
         43.613           0.550            0.000            0.077           43.632
         43.663           0.549            0.000            0.077           43.682
         43.713           0.548            0.000            0.077           43.732
         43.763           0.547            0.000            0.077           43.782
         43.813           0.546            0.000            0.076           43.832
         43.863           0.545            0.000            0.076           43.882
         43.913           0.545            0.000            0.076           43.932
         43.963           0.544            0.000            0.077           43.982
         44.012           0.544            0.000            0.077           44.031
         44.062           0.543            0.000            0.078           44.081
         44.112           0.543            0.000            0.078           44.131
         44.163           0.542            0.000            0.078           44.182
         44.213           0.542            0.000            0.079           44.232
         44.263           0.541            0.000            0.079           44.282
         44.313           0.540            0.000            0.079           44.332
         44.363           0.540            0.000            0.079           44.382
         44.413           0.539            0.000            0.079           44.432
         44.463           0.538            0.000            0.079           44.482
         44.513           0.537            0.000            0.079           44.532
         44.563           0.536            0.000            0.080           44.582
         44.613           0.536            0.000            0.080           44.632
         44.663           0.535            0.000            0.081           44.682
         44.713           0.535            0.000            0.081           44.732
         44.763           0.534            0.000            0.081           44.782
         44.813           0.533            0.000            0.081           44.833
         44.863           0.532            0.000            0.081           44.883
         44.913           0.531            0.000            0.082           44.933
         44.963           0.531            0.000            0.082           44.982
         45.013           0.530            0.000            0.082           45.032
         45.063           0.529            0.000            0.083           45.082
         45.113           0.529            0.000            0.083           45.132
         45.163           0.528            0.000            0.083           45.183
         45.214           0.527            0.000            0.084           45.233
         45.264           0.526            0.000            0.083           45.284
         45.315           0.524            0.000            0.083           45.334
         45.365           0.523            0.000            0.083           45.384
         45.415           0.521            0.000            0.082           45.434
         45.464           0.520            0.000            0.082           45.484
         45.514           0.519            0.000            0.082           45.534
         45.564           0.517            0.000            0.082           45.583
         45.614           0.516            0.000            0.082           45.633
         45.664           0.515            0.000            0.082           45.684
         45.714           0.514            0.000            0.082           45.734
         45.764           0.512            0.000            0.082           45.784
         45.814           0.511            0.000            0.081           45.834
         45.864           0.510            0.000            0.081           45.884
         45.914           0.508            0.000            0.081           45.934
         45.964           0.507            0.000            0.081           45.984
         46.015           0.506            0.000            0.081           46.034
         46.065           0.504            0.000            0.081           46.084
         46.115           0.503            0.000            0.081           46.134
         46.164           0.502            0.000            0.081           46.184
         46.214           0.500            0.000            0.081           46.234
         46.264           0.499            0.000            0.081           46.284
         46.314           0.498            0.000            0.081           46.334
         46.364           0.497            0.000            0.082           46.383
         46.414           0.496            0.000            0.082           46.433
         46.464           0.495            0.000            0.083           46.483
         46.514           0.495            0.000            0.083           46.534
         46.564           0.494            0.000            0.083           46.584
         46.614           0.493            0.000            0.084           46.634
         46.664           0.492            0.000            0.084           46.684
         46.715           0.490            0.000            0.084           46.734
         46.765           0.489            0.000            0.084           46.785
         46.815           0.487            0.000            0.084           46.835
         46.865           0.486            0.000            0.084           46.885
         46.916           0.484            0.000            0.084           46.935
         46.966           0.482            0.000            0.083           46.985
         47.016           0.480            0.000            0.083           47.035
         47.066           0.478            0.000            0.083           47.085
         47.116           0.477            0.000            0.082           47.136
         47.166           0.475            0.000            0.082           47.186
         47.216           0.473            0.000            0.081           47.236
         47.266           0.471            0.000            0.081           47.286
         47.316           0.469            0.000            0.081           47.336
         47.366           0.467            0.000            0.080           47.386
         47.416           0.465            0.000            0.080           47.436
         47.466           0.463            0.000            0.079           47.486
         47.516           0.460            0.000            0.078           47.537
         47.567           0.458            0.000            0.077           47.587
         47.617           0.455            0.000            0.076           47.637
         47.667           0.453            0.000            0.075           47.687
         47.717           0.450            0.000            0.074           47.737
         47.767           0.447            0.000            0.073           47.788
         47.817           0.444            0.000            0.072           47.838
         47.867           0.441            0.000            0.070           47.888
         47.917           0.438            0.000            0.069           47.938
         47.967           0.435            0.000            0.068           47.988
         48.017           0.432            0.000            0.067           48.038
         48.067           0.429            0.000            0.066           48.088
