           X               Y                Z                A                C
          0.004           1.247            0.000            0.029            0.000
          0.054           1.239            0.000            0.024            0.050
          0.103           1.232            0.000            0.019            0.100
          0.152           1.225            0.000            0.015            0.149
          0.202           1.218            0.000            0.010            0.199
          0.251           1.212            0.000            0.006            0.249
          0.301           1.206            0.000            0.002            0.299
          0.350           1.200            0.000           -0.001            0.349
          0.400           1.195            0.000           -0.004            0.399
          0.450           1.190            0.000           -0.007            0.449
          0.500           1.185            0.000           -0.010            0.499
          0.549           1.181            0.000           -0.012            0.549
          0.599           1.177            0.000           -0.014            0.599
          0.649           1.172            0.000           -0.016            0.649
          0.699           1.169            0.000           -0.018            0.699
          0.749           1.165            0.000           -0.020            0.750
          0.799           1.162            0.000           -0.021            0.800
          0.850           1.159            0.000           -0.022            0.850
          0.900           1.157            0.000           -0.023            0.900
          0.950           1.154            0.000           -0.023            0.950
          1.000           1.152            0.000           -0.024            1.000
          1.050           1.150            0.000           -0.024            1.051
          1.100           1.148            0.000           -0.024            1.101
          1.150           1.147            0.000           -0.024            1.151
          1.200           1.145            0.000           -0.024            1.201
          1.251           1.144            0.000           -0.024            1.251
          1.301           1.143            0.000           -0.023            1.301
          1.351           1.142            0.000           -0.022            1.352
          1.401           1.142            0.000           -0.021            1.402
          1.451           1.142            0.000           -0.020            1.452
          1.501           1.141            0.000           -0.019            1.502
          1.551           1.141            0.000           -0.017            1.552
          1.601           1.141            0.000           -0.016            1.602
          1.651           1.141            0.000           -0.014            1.652
          1.701           1.142            0.000           -0.013            1.702
          1.751           1.142            0.000           -0.011            1.752
          1.802           1.142            0.000           -0.010            1.802
          1.852           1.142            0.000           -0.008            1.852
          1.902           1.142            0.000           -0.007            1.902
          1.952           1.142            0.000           -0.005            1.952
          2.002           1.142            0.000           -0.004            2.002
          2.052           1.142            0.000           -0.002            2.052
          2.102           1.143            0.000           -0.001            2.103
          2.152           1.143            0.000            0.001            2.153
          2.202           1.143            0.000            0.003            2.203
          2.252           1.143            0.000            0.004            2.253
          2.302           1.144            0.000            0.006            2.303
          2.352           1.144            0.000            0.007            2.353
          2.402           1.144            0.000            0.009            2.403
          2.452           1.143            0.000            0.010            2.453
          2.502           1.143            0.000            0.011            2.503
          2.552           1.143            0.000            0.012            2.553
          2.602           1.143            0.000            0.013            2.603
          2.652           1.143            0.000            0.015            2.653
          2.702           1.142            0.000            0.016            2.703
          2.752           1.142            0.000            0.017            2.753
          2.802           1.142            0.000            0.019            2.803
          2.853           1.142            0.000            0.020            2.853
          2.903           1.141            0.000            0.021            2.903
          2.953           1.141            0.000            0.022            2.954
          3.003           1.140            0.000            0.023            3.004
          3.053           1.139            0.000            0.023            3.054
          3.103           1.139            0.000            0.024            3.104
          3.153           1.138            0.000            0.025            3.154
          3.203           1.137            0.000            0.025            3.204
          3.253           1.136            0.000            0.026            3.254
          3.303           1.135            0.000            0.026            3.304
          3.354           1.133            0.000            0.026            3.354
          3.404           1.132            0.000            0.026            3.404
          3.454           1.131            0.000            0.026            3.454
          3.504           1.129            0.000            0.027            3.504
          3.554           1.128            0.000            0.027            3.555
          3.604           1.127            0.000            0.027            3.605
          3.654           1.126            0.000            0.027            3.655
          3.704           1.124            0.000            0.027            3.705
          3.754           1.123            0.000            0.027            3.755
          3.804           1.121            0.000            0.028            3.805
          3.854           1.120            0.000            0.028            3.855
          3.904           1.118            0.000            0.028            3.905
          3.954           1.117            0.000            0.028            3.955
          4.004           1.116            0.000            0.028            4.005
          4.054           1.115            0.000            0.028            4.055
          4.104           1.113            0.000            0.028            4.105
          4.154           1.112            0.000            0.028            4.155
          4.204           1.110            0.000            0.028            4.206
          4.254           1.109            0.000            0.028            4.256
          4.304           1.107            0.000            0.028            4.306
          4.354           1.106            0.000            0.029            4.355
          4.404           1.105            0.000            0.029            4.405
          4.454           1.104            0.000            0.030            4.455
          4.504           1.103            0.000            0.031            4.506
          4.554           1.102            0.000            0.031            4.556
          4.605           1.101            0.000            0.031            4.606
          4.655           1.099            0.000            0.031            4.656
          4.705           1.098            0.000            0.031            4.706
          4.755           1.096            0.000            0.031            4.756
          4.805           1.095            0.000            0.031            4.806
          4.855           1.094            0.000            0.032            4.856
          4.904           1.093            0.000            0.033            4.906
          4.955           1.092            0.000            0.034            4.956
          5.005           1.092            0.000            0.034            5.006
          5.055           1.091            0.000            0.035            5.056
          5.105           1.089            0.000            0.035            5.107
          5.155           1.088            0.000            0.035            5.157
          5.205           1.086            0.000            0.035            5.207
          5.255           1.085            0.000            0.036            5.257
          5.305           1.084            0.000            0.036            5.307
          5.355           1.083            0.000            0.037            5.357
          5.405           1.082            0.000            0.038            5.407
          5.455           1.081            0.000            0.038            5.457
          5.505           1.080            0.000            0.039            5.507
          5.556           1.079            0.000            0.039            5.557
          5.606           1.078            0.000            0.039            5.607
          5.656           1.077            0.000            0.040            5.657
          5.706           1.075            0.000            0.040            5.707
          5.756           1.074            0.000            0.040            5.757
          5.806           1.073            0.000            0.041            5.807
          5.856           1.072            0.000            0.041            5.857
          5.906           1.071            0.000            0.042            5.907
          5.956           1.070            0.000            0.042            5.958
          6.006           1.068            0.000            0.042            6.008
          6.056           1.067            0.000            0.042            6.058
          6.106           1.065            0.000            0.042            6.108
          6.156           1.063            0.000            0.042            6.158
          6.206           1.062            0.000            0.042            6.208
          6.256           1.061            0.000            0.043            6.258
          6.306           1.060            0.000            0.044            6.308
          6.356           1.059            0.000            0.044            6.358
          6.407           1.058            0.000            0.044            6.408
          6.457           1.056            0.000            0.044            6.459
          6.507           1.054            0.000            0.044            6.509
          6.557           1.053            0.000            0.044            6.559
          6.607           1.052            0.000            0.045            6.609
          6.656           1.050            0.000            0.045            6.658
          6.707           1.049            0.000            0.046            6.708
          6.757           1.048            0.000            0.046            6.759
          6.807           1.047            0.000            0.046            6.809
          6.857           1.045            0.000            0.046            6.859
          6.907           1.043            0.000            0.046            6.909
          6.957           1.042            0.000            0.046            6.959
          7.007           1.040            0.000            0.046            7.009
          7.057           1.039            0.000            0.046            7.059
          7.107           1.038            0.000            0.047            7.109
          7.157           1.037            0.000            0.047            7.159
          7.207           1.036            0.000            0.048            7.209
          7.257           1.034            0.000            0.048            7.259
          7.307           1.033            0.000            0.048            7.310
          7.357           1.032            0.000            0.049            7.360
          7.408           1.030            0.000            0.049            7.410
          7.457           1.029            0.000            0.049            7.460
          7.507           1.028            0.000            0.049            7.510
          7.557           1.026            0.000            0.049            7.560
          7.608           1.025            0.000            0.050            7.610
          7.658           1.024            0.000            0.050            7.660
          7.708           1.022            0.000            0.050            7.710
          7.758           1.021            0.000            0.050            7.760
          7.808           1.019            0.000            0.051            7.810
          7.858           1.018            0.000            0.051            7.860
          7.908           1.016            0.000            0.051            7.910
          7.958           1.015            0.000            0.051            7.961
          8.008           1.013            0.000            0.051            8.011
          8.058           1.012            0.000            0.051            8.061
          8.108           1.010            0.000            0.051            8.111
          8.158           1.009            0.000            0.051            8.161
          8.208           1.007            0.000            0.051            8.211
          8.258           1.006            0.000            0.051            8.261
          8.308           1.004            0.000            0.052            8.311
          8.358           1.003            0.000            0.052            8.361
          8.409           1.002            0.000            0.052            8.411
          8.459           1.000            0.000            0.052            8.461
          8.509           0.998            0.000            0.051            8.512
          8.559           0.996            0.000            0.051            8.562
          8.609           0.994            0.000            0.051            8.612
          8.659           0.993            0.000            0.051            8.662
          8.709           0.991            0.000            0.051            8.711
          8.759           0.990            0.000            0.051            8.761
          8.809           0.989            0.000            0.051            8.811
          8.859           0.987            0.000            0.052            8.861
          8.909           0.986            0.000            0.052            8.912
          8.959           0.984            0.000            0.052            8.962
          9.009           0.983            0.000            0.052            9.012
          9.060           0.981            0.000            0.052            9.063
          9.110           0.979            0.000            0.051            9.113
          9.159           0.977            0.000            0.051            9.162
          9.209           0.975            0.000            0.051            9.212
          9.259           0.974            0.000            0.051            9.262
          9.309           0.973            0.000            0.051            9.312
          9.359           0.972            0.000            0.052            9.362
          9.409           0.971            0.000            0.053            9.412
          9.459           0.970            0.000            0.053            9.462
          9.509           0.968            0.000            0.053            9.513
          9.560           0.967            0.000            0.053            9.563
          9.610           0.965            0.000            0.053            9.613
          9.660           0.963            0.000            0.052            9.663
          9.710           0.961            0.000            0.052            9.713
          9.760           0.959            0.000            0.052            9.763
          9.809           0.958            0.000            0.052            9.813
          9.859           0.957            0.000            0.053            9.862
          9.909           0.956            0.000            0.054            9.912
          9.959           0.955            0.000            0.055            9.963
         10.010           0.954            0.000            0.055           10.013
         10.060           0.953            0.000            0.055           10.063
         10.110           0.951            0.000            0.055           10.114
         10.160           0.949            0.000            0.055           10.164
         10.210           0.948            0.000            0.054           10.214
         10.260           0.946            0.000            0.054           10.264
         10.310           0.944            0.000            0.054           10.314
         10.360           0.943            0.000            0.055           10.363
         10.410           0.942            0.000            0.055           10.413
         10.460           0.941            0.000            0.056           10.463
         10.510           0.940            0.000            0.056           10.514
         10.560           0.938            0.000            0.056           10.564
         10.611           0.937            0.000            0.056           10.614
         10.661           0.935            0.000            0.056           10.665
         10.711           0.933            0.000            0.055           10.715
         10.761           0.931            0.000            0.055           10.765
         10.811           0.930            0.000            0.055           10.814
         10.860           0.928            0.000            0.055           10.864
         10.910           0.927            0.000            0.055           10.914
         10.960           0.926            0.000            0.056           10.964
         11.011           0.924            0.000            0.056           11.014
         11.061           0.923            0.000            0.056           11.065
         11.111           0.921            0.000            0.056           11.115
         11.161           0.919            0.000            0.056           11.165
         11.211           0.918            0.000            0.055           11.215
         11.261           0.916            0.000            0.055           11.265
         11.311           0.914            0.000            0.055           11.316
         11.362           0.912            0.000            0.054           11.366
         11.411           0.910            0.000            0.054           11.416
         11.461           0.908            0.000            0.053           11.466
         11.511           0.906            0.000            0.053           11.516
         11.561           0.904            0.000            0.053           11.565
         11.611           0.903            0.000            0.053           11.615
         11.661           0.902            0.000            0.053           11.665
         11.711           0.900            0.000            0.053           11.715
         11.761           0.899            0.000            0.054           11.765
         11.811           0.898            0.000            0.054           11.815
         11.861           0.897            0.000            0.054           11.866
         11.911           0.895            0.000            0.054           11.916
         11.962           0.894            0.000            0.054           11.966
         12.012           0.892            0.000            0.054           12.016
         12.062           0.890            0.000            0.054           12.066
         12.112           0.888            0.000            0.054           12.116
         12.162           0.887            0.000            0.053           12.166
         12.212           0.885            0.000            0.053           12.216
         12.262           0.883            0.000            0.053           12.266
         12.312           0.882            0.000            0.053           12.316
         12.362           0.881            0.000            0.053           12.366
         12.411           0.879            0.000            0.053           12.416
         12.462           0.878            0.000            0.054           12.466
         12.512           0.877            0.000            0.054           12.516
         12.562           0.876            0.000            0.054           12.567
         12.612           0.874            0.000            0.054           12.617
         12.663           0.872            0.000            0.054           12.667
         12.713           0.870            0.000            0.053           12.717
         12.763           0.868            0.000            0.052           12.767
         12.813           0.866            0.000            0.052           12.817
         12.862           0.864            0.000            0.051           12.867
         12.912           0.863            0.000            0.051           12.917
         12.962           0.861            0.000            0.052           12.967
         13.012           0.860            0.000            0.052           13.017
         13.062           0.859            0.000            0.052           13.067
         13.112           0.858            0.000            0.053           13.117
         13.162           0.857            0.000            0.053           13.167
         13.213           0.856            0.000            0.053           13.218
         13.263           0.854            0.000            0.053           13.268
         13.313           0.852            0.000            0.052           13.318
         13.363           0.850            0.000            0.052           13.368
         13.413           0.848            0.000            0.051           13.418
         13.463           0.846            0.000            0.050           13.468
         13.513           0.844            0.000            0.050           13.518
         13.563           0.842            0.000            0.050           13.568
         13.613           0.841            0.000            0.050           13.618
         13.663           0.840            0.000            0.050           13.668
         13.713           0.838            0.000            0.050           13.718
         13.763           0.837            0.000            0.050           13.768
         13.813           0.836            0.000            0.050           13.818
         13.863           0.834            0.000            0.050           13.868
         13.913           0.832            0.000            0.050           13.919
         13.963           0.831            0.000            0.050           13.969
         14.013           0.829            0.000            0.049           14.019
         14.063           0.827            0.000            0.049           14.069
         14.113           0.825            0.000            0.048           14.119
         14.163           0.824            0.000            0.048           14.169
         14.213           0.822            0.000            0.048           14.219
         14.263           0.821            0.000            0.048           14.269
         14.313           0.820            0.000            0.048           14.319
         14.363           0.818            0.000            0.049           14.369
         14.413           0.817            0.000            0.049           14.419
         14.463           0.816            0.000            0.049           14.469
         14.514           0.814            0.000            0.048           14.519
         14.564           0.812            0.000            0.048           14.570
         14.614           0.810            0.000            0.047           14.620
         14.664           0.807            0.000            0.046           14.670
         14.714           0.805            0.000            0.045           14.720
         14.764           0.803            0.000            0.044           14.770
         14.813           0.801            0.000            0.044           14.819
         14.863           0.800            0.000            0.044           14.869
         14.913           0.799            0.000            0.044           14.919
         14.963           0.798            0.000            0.045           14.969
         15.013           0.797            0.000            0.045           15.019
         15.063           0.796            0.000            0.046           15.069
         15.114           0.795            0.000            0.046           15.120
         15.164           0.793            0.000            0.045           15.170
         15.215           0.791            0.000            0.045           15.221
         15.265           0.789            0.000            0.044           15.271
         15.315           0.787            0.000            0.043           15.321
         15.364           0.784            0.000            0.042           15.371
         15.414           0.782            0.000            0.041           15.420
         15.464           0.781            0.000            0.041           15.470
         15.514           0.780            0.000            0.041           15.520
         15.563           0.779            0.000            0.041           15.570
         15.613           0.778            0.000            0.042           15.620
         15.663           0.778            0.000            0.043           15.670
         15.713           0.777            0.000            0.044           15.720
         15.764           0.777            0.000            0.045           15.770
         15.814           0.776            0.000            0.045           15.821
         15.865           0.774            0.000            0.044           15.871
         15.915           0.772            0.000            0.044           15.922
         15.965           0.769            0.000            0.042           15.972
         16.015           0.766            0.000            0.041           16.022
         16.065           0.764            0.000            0.039           16.072
         16.115           0.761            0.000            0.038           16.122
         16.165           0.759            0.000            0.038           16.171
         16.214           0.758            0.000            0.037           16.221
         16.264           0.757            0.000            0.038           16.270
         16.313           0.757            0.000            0.039           16.320
         16.363           0.757            0.000            0.040           16.370
         16.414           0.757            0.000            0.042           16.420
         16.464           0.757            0.000            0.043           16.471
         16.514           0.756            0.000            0.044           16.521
         16.565           0.755            0.000            0.044           16.572
         16.615           0.753            0.000            0.043           16.622
         16.666           0.751            0.000            0.042           16.673
         16.716           0.749            0.000            0.041           16.723
         16.766           0.746            0.000            0.040           16.773
         16.815           0.744            0.000            0.039           16.822
         16.865           0.742            0.000            0.038           16.872
         16.915           0.741            0.000            0.038           16.922
         16.964           0.740            0.000            0.038           16.971
         17.014           0.740            0.000            0.039           17.021
         17.064           0.740            0.000            0.041           17.071
         17.114           0.741            0.000            0.043           17.121
         17.164           0.741            0.000            0.044           17.171
         17.215           0.740            0.000            0.045           17.222
         17.265           0.740            0.000            0.045           17.272
         17.316           0.738            0.000            0.045           17.323
         17.366           0.736            0.000            0.044           17.374
         17.417           0.733            0.000            0.043           17.424
         17.467           0.731            0.000            0.041           17.474
         17.516           0.728            0.000            0.040           17.524
         17.566           0.726            0.000            0.039           17.573
         17.616           0.724            0.000            0.038           17.623
         17.665           0.723            0.000            0.038           17.673
         17.715           0.722            0.000            0.039           17.722
         17.765           0.722            0.000            0.040           17.772
         17.815           0.722            0.000            0.041           17.822
         17.865           0.722            0.000            0.042           17.872
         17.915           0.722            0.000            0.043           17.922
         17.965           0.722            0.000            0.044           17.973
         18.016           0.721            0.000            0.044           18.023
         18.066           0.719            0.000            0.044           18.074
         18.117           0.717            0.000            0.043           18.124
         18.167           0.715            0.000            0.042           18.175
         18.217           0.712            0.000            0.040           18.225
         18.267           0.710            0.000            0.039           18.275
         18.317           0.708            0.000            0.038           18.324
         18.366           0.706            0.000            0.038           18.374
         18.416           0.705            0.000            0.038           18.424
         18.466           0.705            0.000            0.038           18.473
         18.515           0.705            0.000            0.039           18.523
         18.565           0.705            0.000            0.040           18.573
         18.615           0.705            0.000            0.042           18.623
         18.666           0.704            0.000            0.043           18.673
         18.716           0.704            0.000            0.043           18.724
         18.766           0.703            0.000            0.044           18.774
         18.817           0.702            0.000            0.044           18.825
         18.867           0.701            0.000            0.043           18.875
         18.917           0.699            0.000            0.042           18.925
         18.967           0.697            0.000            0.041           18.975
         19.017           0.695            0.000            0.040           19.025
         19.067           0.693            0.000            0.040           19.075
         19.117           0.691            0.000            0.039           19.125
         19.167           0.690            0.000            0.039           19.175
         19.216           0.689            0.000            0.039           19.224
         19.266           0.689            0.000            0.040           19.274
         19.316           0.689            0.000            0.041           19.324
         19.366           0.689            0.000            0.042           19.374
         19.416           0.689            0.000            0.043           19.424
         19.466           0.688            0.000            0.044           19.474
         19.517           0.688            0.000            0.044           19.525
         19.567           0.687            0.000            0.044           19.575
         19.618           0.685            0.000            0.044           19.626
         19.668           0.684            0.000            0.043           19.676
         19.718           0.682            0.000            0.043           19.726
         19.768           0.680            0.000            0.042           19.776
         19.818           0.678            0.000            0.041           19.826
         19.867           0.677            0.000            0.041           19.876
         19.917           0.676            0.000            0.041           19.925
         19.967           0.675            0.000            0.041           19.975
         20.017           0.675            0.000            0.042           20.025
         20.067           0.674            0.000            0.042           20.075
         20.117           0.674            0.000            0.043           20.125
         20.167           0.674            0.000            0.044           20.175
         20.217           0.674            0.000            0.045           20.225
         20.267           0.674            0.000            0.045           20.275
         20.317           0.673            0.000            0.046           20.326
         20.368           0.672            0.000            0.046           20.376
         20.418           0.671            0.000            0.046           20.426
         20.468           0.670            0.000            0.046           20.477
         20.518           0.668            0.000            0.045           20.527
         20.568           0.667            0.000            0.044           20.577
         20.618           0.665            0.000            0.044           20.627
         20.668           0.664            0.000            0.043           20.676
         20.718           0.663            0.000            0.043           20.726
         20.768           0.662            0.000            0.044           20.776
         20.817           0.662            0.000            0.044           20.826
         20.867           0.661            0.000            0.045           20.876
         20.917           0.661            0.000            0.046           20.926
         20.968           0.661            0.000            0.046           20.976
         21.018           0.660            0.000            0.047           21.026
         21.068           0.660            0.000            0.047           21.077
         21.118           0.659            0.000            0.047           21.127
         21.169           0.658            0.000            0.047           21.177
         21.219           0.656            0.000            0.046           21.227
         21.269           0.655            0.000            0.046           21.277
         21.319           0.653            0.000            0.045           21.327
         21.368           0.652            0.000            0.045           21.377
         21.418           0.652            0.000            0.045           21.427
         21.468           0.651            0.000            0.046           21.477
         21.518           0.651            0.000            0.046           21.527
         21.568           0.650            0.000            0.047           21.577
         21.618           0.650            0.000            0.047           21.627
         21.668           0.649            0.000            0.047           21.677
         21.719           0.648            0.000            0.048           21.727
         21.769           0.647            0.000            0.047           21.778
         21.819           0.646            0.000            0.047           21.828
         21.869           0.645            0.000            0.047           21.878
         21.919           0.644            0.000            0.046           21.928
         21.969           0.643            0.000            0.046           21.978
         22.019           0.642            0.000            0.046           22.027
         22.069           0.641            0.000            0.046           22.077
         22.119           0.641            0.000            0.047           22.127
         22.169           0.640            0.000            0.047           22.177
         22.219           0.640            0.000            0.048           22.227
         22.269           0.639            0.000            0.048           22.278
         22.319           0.639            0.000            0.048           22.328
         22.369           0.638            0.000            0.048           22.378
         22.419           0.637            0.000            0.048           22.428
         22.469           0.636            0.000            0.048           22.478
         22.519           0.635            0.000            0.048           22.528
         22.570           0.634            0.000            0.048           22.578
         22.620           0.633            0.000            0.048           22.628
         22.670           0.632            0.000            0.047           22.678
         22.719           0.631            0.000            0.047           22.728
         22.769           0.631            0.000            0.047           22.778
         22.819           0.630            0.000            0.048           22.828
         22.869           0.630            0.000            0.048           22.878
         22.919           0.630            0.000            0.049           22.928
         22.969           0.630            0.000            0.050           22.978
         23.019           0.630            0.000            0.051           23.028
         23.069           0.630            0.000            0.051           23.078
         23.119           0.630            0.000            0.052           23.128
         23.170           0.630            0.000            0.053           23.178
         23.220           0.629            0.000            0.053           23.228
         23.270           0.628            0.000            0.053           23.279
         23.320           0.628            0.000            0.053           23.329
         23.370           0.627            0.000            0.053           23.379
         23.420           0.626            0.000            0.053           23.429
         23.470           0.625            0.000            0.053           23.479
         23.520           0.625            0.000            0.053           23.529
         23.570           0.624            0.000            0.053           23.579
         23.620           0.623            0.000            0.053           23.629
         23.670           0.623            0.000            0.054           23.679
         23.720           0.623            0.000            0.054           23.729
         23.770           0.622            0.000            0.054           23.779
         23.820           0.622            0.000            0.054           23.829
         23.870           0.621            0.000            0.055           23.879
         23.921           0.620            0.000            0.055           23.929
         23.971           0.620            0.000            0.055           23.979
         24.021           0.619            0.000            0.054           24.030
         24.071           0.618            0.000            0.054           24.080
         24.121           0.617            0.000            0.054           24.130
         24.171           0.616            0.000            0.054           24.179
         24.221           0.616            0.000            0.054           24.229
         24.270           0.615            0.000            0.054           24.279
         24.320           0.615            0.000            0.055           24.329
         24.370           0.615            0.000            0.055           24.379
         24.420           0.615            0.000            0.056           24.429
         24.470           0.615            0.000            0.056           24.479
         24.521           0.614            0.000            0.057           24.529
         24.571           0.614            0.000            0.057           24.580
         24.621           0.613            0.000            0.057           24.630
         24.671           0.613            0.000            0.057           24.680
         24.721           0.612            0.000            0.057           24.730
         24.771           0.611            0.000            0.057           24.780
         24.821           0.611            0.000            0.057           24.830
         24.871           0.610            0.000            0.058           24.880
         24.921           0.610            0.000            0.058           24.930
         24.971           0.610            0.000            0.058           24.980
         25.021           0.610            0.000            0.059           25.030
         25.071           0.610            0.000            0.059           25.080
         25.121           0.609            0.000            0.059           25.130
         25.171           0.609            0.000            0.060           25.180
         25.221           0.609            0.000            0.060           25.230
         25.271           0.608            0.000            0.060           25.280
         25.322           0.608            0.000            0.060           25.331
         25.372           0.607            0.000            0.060           25.381
         25.422           0.606            0.000            0.060           25.431
         25.472           0.605            0.000            0.059           25.481
         25.522           0.604            0.000            0.059           25.531
         25.572           0.603            0.000            0.059           25.581
         25.622           0.602            0.000            0.058           25.631
         25.672           0.602            0.000            0.058           25.681
         25.721           0.601            0.000            0.059           25.730
         25.771           0.601            0.000            0.059           25.780
         25.821           0.601            0.000            0.060           25.830
         25.871           0.601            0.000            0.061           25.880
         25.921           0.602            0.000            0.061           25.930
         25.971           0.602            0.000            0.062           25.980
         26.021           0.602            0.000            0.063           26.030
         26.071           0.602            0.000            0.064           26.080
         26.122           0.602            0.000            0.064           26.130
         26.172           0.602            0.000            0.065           26.181
         26.222           0.602            0.000            0.065           26.231
         26.272           0.602            0.000            0.065           26.281
         26.322           0.601            0.000            0.065           26.331
         26.373           0.601            0.000            0.065           26.381
         26.423           0.600            0.000            0.065           26.432
         26.473           0.599            0.000            0.065           26.482
         26.523           0.599            0.000            0.065           26.532
         26.572           0.598            0.000            0.065           26.581
         26.622           0.598            0.000            0.065           26.631
         26.672           0.597            0.000            0.065           26.681
         26.722           0.597            0.000            0.065           26.731
         26.772           0.597            0.000            0.066           26.781
         26.822           0.597            0.000            0.066           26.831
         26.873           0.597            0.000            0.066           26.882
         26.923           0.596            0.000            0.066           26.932
         26.973           0.596            0.000            0.066           26.982
         27.023           0.595            0.000            0.066           27.032
         27.073           0.595            0.000            0.066           27.082
         27.123           0.594            0.000            0.066           27.132
         27.173           0.594            0.000            0.066           27.182
         27.223           0.593            0.000            0.066           27.232
         27.273           0.592            0.000            0.066           27.282
         27.324           0.591            0.000            0.065           27.332
         27.374           0.591            0.000            0.065           27.382
         27.423           0.590            0.000            0.065           27.432
         27.473           0.589            0.000            0.065           27.482
         27.523           0.589            0.000            0.065           27.532
         27.573           0.588            0.000            0.065           27.582
         27.623           0.588            0.000            0.065           27.632
         27.673           0.587            0.000            0.065           27.682
         27.723           0.587            0.000            0.065           27.732
         27.773           0.587            0.000            0.065           27.782
         27.824           0.586            0.000            0.065           27.832
         27.874           0.586            0.000            0.065           27.882
         27.924           0.585            0.000            0.065           27.933
         27.974           0.585            0.000            0.065           27.982
         28.024           0.585            0.000            0.065           28.032
         28.074           0.584            0.000            0.065           28.082
         28.124           0.584            0.000            0.065           28.133
         28.174           0.584            0.000            0.065           28.183
         28.224           0.583            0.000            0.065           28.233
         28.274           0.583            0.000            0.065           28.283
         28.324           0.583            0.000            0.065           28.333
         28.374           0.582            0.000            0.065           28.383
         28.424           0.582            0.000            0.065           28.433
         28.474           0.581            0.000            0.065           28.483
         28.524           0.581            0.000            0.065           28.533
         28.574           0.580            0.000            0.065           28.583
         28.624           0.580            0.000            0.065           28.633
         28.674           0.579            0.000            0.064           28.683
         28.724           0.579            0.000            0.064           28.733
         28.774           0.578            0.000            0.064           28.783
         28.824           0.578            0.000            0.064           28.833
         28.874           0.577            0.000            0.064           28.883
         28.924           0.577            0.000            0.064           28.933
         28.974           0.577            0.000            0.064           28.983
         29.024           0.577            0.000            0.065           29.033
         29.074           0.577            0.000            0.065           29.083
         29.124           0.577            0.000            0.065           29.133
         29.174           0.577            0.000            0.066           29.183
         29.224           0.577            0.000            0.066           29.233
         29.274           0.577            0.000            0.067           29.283
         29.324           0.577            0.000            0.067           29.333
         29.374           0.577            0.000            0.067           29.383
         29.424           0.577            0.000            0.067           29.434
         29.475           0.577            0.000            0.068           29.484
         29.525           0.576            0.000            0.067           29.534
         29.575           0.576            0.000            0.067           29.584
         29.625           0.575            0.000            0.067           29.634
         29.675           0.575            0.000            0.067           29.684
         29.725           0.575            0.000            0.067           29.734
         29.775           0.574            0.000            0.067           29.784
         29.825           0.574            0.000            0.067           29.834
         29.875           0.574            0.000            0.067           29.884
         29.925           0.574            0.000            0.067           29.934
         29.975           0.573            0.000            0.067           29.984
         30.025           0.573            0.000            0.067           30.034
         30.075           0.573            0.000            0.067           30.084
         30.125           0.572            0.000            0.067           30.134
         30.175           0.572            0.000            0.067           30.184
         30.225           0.572            0.000            0.067           30.234
         30.275           0.571            0.000            0.067           30.284
         30.325           0.571            0.000            0.067           30.334
         30.375           0.571            0.000            0.067           30.384
         30.425           0.571            0.000            0.067           30.434
         30.475           0.571            0.000            0.067           30.484
         30.525           0.571            0.000            0.068           30.534
         30.575           0.570            0.000            0.068           30.584
         30.625           0.570            0.000            0.068           30.634
         30.675           0.570            0.000            0.068           30.684
         30.726           0.570            0.000            0.068           30.735
         30.776           0.570            0.000            0.068           30.785
         30.826           0.570            0.000            0.068           30.835
         30.876           0.570            0.000            0.068           30.885
         30.926           0.569            0.000            0.068           30.935
         30.976           0.569            0.000            0.068           30.985
         31.026           0.569            0.000            0.069           31.035
         31.076           0.569            0.000            0.069           31.085
         31.126           0.569            0.000            0.069           31.135
         31.175           0.569            0.000            0.069           31.184
         31.225           0.569            0.000            0.070           31.234
         31.275           0.570            0.000            0.070           31.284
         31.325           0.570            0.000            0.071           31.334
         31.375           0.571            0.000            0.072           31.384
         31.425           0.571            0.000            0.072           31.435
         31.476           0.571            0.000            0.073           31.485
         31.526           0.571            0.000            0.073           31.535
         31.576           0.571            0.000            0.073           31.585
         31.626           0.571            0.000            0.073           31.635
         31.677           0.571            0.000            0.073           31.686
         31.727           0.570            0.000            0.073           31.736
         31.777           0.570            0.000            0.073           31.786
         31.827           0.569            0.000            0.072           31.836
         31.877           0.569            0.000            0.072           31.886
         31.927           0.568            0.000            0.072           31.936
         31.977           0.568            0.000            0.071           31.986
         32.027           0.567            0.000            0.071           32.036
         32.077           0.567            0.000            0.071           32.086
         32.127           0.567            0.000            0.071           32.136
         32.177           0.566            0.000            0.071           32.186
         32.227           0.566            0.000            0.071           32.236
         32.276           0.566            0.000            0.071           32.286
         32.326           0.567            0.000            0.071           32.335
         32.376           0.567            0.000            0.072           32.386
         32.427           0.567            0.000            0.072           32.436
         32.477           0.567            0.000            0.072           32.486
         32.527           0.567            0.000            0.073           32.536
         32.577           0.567            0.000            0.073           32.586
         32.627           0.567            0.000            0.073           32.636
         32.677           0.567            0.000            0.073           32.686
         32.727           0.567            0.000            0.073           32.736
         32.777           0.567            0.000            0.073           32.787
         32.828           0.566            0.000            0.073           32.837
         32.878           0.566            0.000            0.073           32.887
         32.928           0.565            0.000            0.072           32.937
         32.978           0.565            0.000            0.072           32.987
         33.028           0.565            0.000            0.072           33.037
         33.078           0.564            0.000            0.072           33.087
         33.128           0.564            0.000            0.071           33.137
         33.177           0.564            0.000            0.071           33.187
         33.227           0.564            0.000            0.072           33.236
         33.277           0.564            0.000            0.072           33.286
         33.327           0.564            0.000            0.072           33.336
         33.377           0.565            0.000            0.073           33.386
         33.427           0.565            0.000            0.074           33.436
         33.477           0.566            0.000            0.074           33.486
         33.527           0.566            0.000            0.075           33.536
         33.577           0.567            0.000            0.075           33.586
         33.628           0.567            0.000            0.075           33.637
         33.678           0.567            0.000            0.076           33.687
         33.728           0.567            0.000            0.076           33.737
         33.778           0.567            0.000            0.076           33.787
         33.828           0.566            0.000            0.076           33.837
         33.878           0.566            0.000            0.076           33.887
         33.928           0.566            0.000            0.076           33.937
         33.978           0.566            0.000            0.076           33.987
         34.028           0.567            0.000            0.076           34.037
         34.078           0.567            0.000            0.077           34.087
         34.128           0.567            0.000            0.077           34.137
         34.179           0.566            0.000            0.077           34.188
         34.229           0.566            0.000            0.076           34.238
         34.279           0.566            0.000            0.076           34.288
         34.329           0.565            0.000            0.076           34.338
         34.379           0.565            0.000            0.076           34.388
         34.428           0.565            0.000            0.076           34.437
         34.478           0.565            0.000            0.076           34.487
         34.528           0.566            0.000            0.076           34.537
         34.578           0.566            0.000            0.077           34.587
         34.628           0.566            0.000            0.077           34.637
         34.678           0.567            0.000            0.078           34.687
         34.729           0.567            0.000            0.078           34.738
         34.779           0.567            0.000            0.078           34.788
         34.829           0.566            0.000            0.078           34.838
         34.880           0.566            0.000            0.077           34.889
         34.930           0.565            0.000            0.077           34.939
         34.980           0.565            0.000            0.076           34.989
         35.030           0.564            0.000            0.075           35.039
         35.080           0.563            0.000            0.075           35.089
         35.130           0.562            0.000            0.074           35.139
         35.179           0.562            0.000            0.074           35.188
         35.229           0.562            0.000            0.074           35.238
         35.278           0.562            0.000            0.075           35.288
         35.328           0.563            0.000            0.075           35.337
         35.378           0.564            0.000            0.076           35.387
         35.428           0.565            0.000            0.077           35.437
         35.478           0.566            0.000            0.078           35.487
         35.529           0.566            0.000            0.079           35.538
         35.579           0.566            0.000            0.079           35.589
         35.630           0.566            0.000            0.079           35.639
         35.681           0.565            0.000            0.078           35.690
         35.731           0.564            0.000            0.077           35.741
         35.782           0.563            0.000            0.076           35.791
         35.831           0.561            0.000            0.074           35.841
         35.881           0.560            0.000            0.073           35.890
         35.930           0.559            0.000            0.073           35.940
         35.980           0.559            0.000            0.072           35.989
         36.029           0.559            0.000            0.073           36.038
         36.079           0.560            0.000            0.073           36.088
         36.128           0.561            0.000            0.074           36.138
         36.178           0.562            0.000            0.075           36.188
         36.229           0.563            0.000            0.076           36.238
         36.280           0.563            0.000            0.077           36.289
         36.330           0.563            0.000            0.077           36.340
         36.381           0.562            0.000            0.076           36.390
         36.432           0.561            0.000            0.075           36.441
         36.482           0.560            0.000            0.074           36.491
         36.532           0.559            0.000            0.073           36.541
         36.582           0.557            0.000            0.071           36.591
         36.632           0.556            0.000            0.070           36.641
         36.681           0.555            0.000            0.070           36.691
         36.731           0.555            0.000            0.069           36.740
         36.780           0.555            0.000            0.069           36.790
         36.830           0.555            0.000            0.069           36.839
         36.880           0.555            0.000            0.070           36.889
         36.930           0.556            0.000            0.070           36.939
         36.980           0.557            0.000            0.071           36.989
         37.030           0.557            0.000            0.072           37.039
         37.081           0.557            0.000            0.072           37.090
         37.131           0.557            0.000            0.071           37.141
         37.182           0.556            0.000            0.071           37.191
         37.232           0.555            0.000            0.070           37.242
         37.282           0.554            0.000            0.069           37.292
         37.332           0.552            0.000            0.068           37.341
         37.382           0.552            0.000            0.067           37.391
         37.431           0.551            0.000            0.067           37.440
         37.480           0.551            0.000            0.067           37.490
         37.530           0.552            0.000            0.067           37.539
         37.580           0.553            0.000            0.068           37.589
         37.629           0.554            0.000            0.069           37.639
         37.680           0.555            0.000            0.071           37.689
         37.730           0.556            0.000            0.072           37.739
         37.781           0.557            0.000            0.072           37.790
         37.831           0.557            0.000            0.072           37.841
         37.882           0.556            0.000            0.072           37.891
         37.932           0.556            0.000            0.072           37.942
         37.982           0.555            0.000            0.071           37.992
         38.032           0.554            0.000            0.070           38.042
         38.082           0.554            0.000            0.069           38.092
         38.132           0.553            0.000            0.069           38.141
         38.181           0.553            0.000            0.069           38.191
         38.231           0.553            0.000            0.069           38.240
         38.280           0.554            0.000            0.070           38.290
         38.330           0.555            0.000            0.071           38.340
         38.380           0.556            0.000            0.072           38.390
         38.430           0.557            0.000            0.073           38.440
         38.481           0.557            0.000            0.074           38.491
         38.532           0.557            0.000            0.074           38.542
         38.583           0.557            0.000            0.073           38.593
         38.633           0.556            0.000            0.072           38.643
         38.683           0.555            0.000            0.071           38.693
         38.733           0.554            0.000            0.070           38.743
         38.783           0.553            0.000            0.070           38.792
         38.832           0.553            0.000            0.069           38.842
         38.882           0.553            0.000            0.069           38.891
         38.932           0.553            0.000            0.070           38.941
         38.982           0.553            0.000            0.070           38.991
         39.032           0.554            0.000            0.070           39.041
         39.082           0.554            0.000            0.071           39.091
         39.132           0.554            0.000            0.071           39.142
         39.183           0.554            0.000            0.071           39.192
         39.233           0.554            0.000            0.071           39.243
         39.283           0.553            0.000            0.070           39.293
         39.333           0.552            0.000            0.070           39.343
         39.383           0.552            0.000            0.069           39.393
         39.433           0.551            0.000            0.068           39.443
         39.483           0.551            0.000            0.068           39.492
         39.532           0.551            0.000            0.068           39.542
         39.582           0.551            0.000            0.068           39.592
         39.632           0.551            0.000            0.069           39.642
         39.682           0.552            0.000            0.069           39.692
         39.732           0.552            0.000            0.070           39.742
         39.783           0.553            0.000            0.070           39.792
         39.833           0.553            0.000            0.070           39.843
         39.883           0.553            0.000            0.070           39.893
         39.934           0.552            0.000            0.070           39.943
         39.984           0.552            0.000            0.069           39.993
         40.034           0.551            0.000            0.069           40.043
         40.084           0.550            0.000            0.068           40.093
         40.134           0.550            0.000            0.068           40.143
         40.183           0.550            0.000            0.067           40.193
         40.233           0.550            0.000            0.067           40.243
         40.283           0.550            0.000            0.068           40.292
         40.333           0.550            0.000            0.068           40.342
         40.383           0.551            0.000            0.069           40.392
         40.433           0.551            0.000            0.069           40.442
         40.483           0.552            0.000            0.069           40.493
         40.534           0.551            0.000            0.069           40.543
         40.584           0.551            0.000            0.069           40.594
         40.635           0.550            0.000            0.068           40.645
         40.685           0.549            0.000            0.067           40.695
         40.735           0.548            0.000            0.066           40.745
         40.785           0.547            0.000            0.065           40.794
         40.834           0.546            0.000            0.064           40.844
         40.884           0.546            0.000            0.064           40.894
         40.933           0.546            0.000            0.064           40.943
         40.983           0.546            0.000            0.064           40.993
         41.033           0.547            0.000            0.065           41.043
         41.083           0.548            0.000            0.066           41.093
         41.133           0.548            0.000            0.066           41.143
         41.184           0.548            0.000            0.067           41.194
         41.234           0.548            0.000            0.067           41.244
         41.285           0.548            0.000            0.066           41.294
         41.335           0.547            0.000            0.066           41.344
         41.385           0.547            0.000            0.065           41.394
         41.434           0.546            0.000            0.065           41.444
         41.484           0.546            0.000            0.065           41.494
         41.534           0.547            0.000            0.065           41.543
         41.583           0.547            0.000            0.065           41.593
         41.633           0.548            0.000            0.066           41.643
         41.683           0.549            0.000            0.067           41.693
         41.733           0.549            0.000            0.068           41.743
         41.784           0.550            0.000            0.069           41.793
         41.834           0.551            0.000            0.069           41.844
         41.884           0.551            0.000            0.069           41.894
         41.935           0.551            0.000            0.069           41.944
         41.985           0.551            0.000            0.069           41.995
         42.035           0.550            0.000            0.069           42.045
         42.085           0.550            0.000            0.069           42.095
         42.135           0.550            0.000            0.069           42.145
         42.185           0.550            0.000            0.069           42.194
         42.235           0.550            0.000            0.069           42.244
         42.284           0.551            0.000            0.069           42.294
         42.334           0.551            0.000            0.069           42.344
         42.385           0.551            0.000            0.070           42.394
         42.435           0.551            0.000            0.070           42.444
         42.485           0.552            0.000            0.070           42.495
         42.535           0.552            0.000            0.070           42.545
         42.585           0.552            0.000            0.070           42.595
         42.635           0.552            0.000            0.070           42.645
         42.686           0.551            0.000            0.070           42.696
         42.736           0.551            0.000            0.069           42.746
         42.786           0.550            0.000            0.069           42.796
         42.836           0.550            0.000            0.068           42.846
         42.886           0.549            0.000            0.068           42.896
         42.936           0.549            0.000            0.068           42.945
         42.985           0.549            0.000            0.068           42.995
         43.035           0.549            0.000            0.068           43.044
         43.084           0.550            0.000            0.069           43.094
         43.134           0.551            0.000            0.070           43.144
         43.185           0.552            0.000            0.070           43.194
         43.235           0.552            0.000            0.071           43.245
         43.285           0.552            0.000            0.071           43.295
         43.336           0.552            0.000            0.071           43.346
         43.386           0.552            0.000            0.071           43.396
         43.437           0.551            0.000            0.070           43.446
         43.487           0.551            0.000            0.070           43.496
         43.536           0.550            0.000            0.069           43.546
         43.586           0.550            0.000            0.069           43.596
         43.636           0.550            0.000            0.069           43.645
         43.685           0.551            0.000            0.070           43.695
         43.735           0.551            0.000            0.070           43.745
         43.785           0.552            0.000            0.071           43.795
         43.836           0.552            0.000            0.071           43.846
         43.886           0.552            0.000            0.071           43.896
         43.936           0.552            0.000            0.071           43.946
         43.987           0.552            0.000            0.071           43.996
         44.037           0.552            0.000            0.071           44.047
         44.087           0.552            0.000            0.070           44.096
         44.136           0.551            0.000            0.070           44.146
         44.186           0.552            0.000            0.070           44.196
         44.236           0.552            0.000            0.071           44.246
         44.286           0.552            0.000            0.071           44.296
         44.336           0.553            0.000            0.071           44.346
         44.386           0.553            0.000            0.072           44.396
         44.437           0.553            0.000            0.072           44.446
         44.487           0.553            0.000            0.072           44.497
         44.537           0.553            0.000            0.071           44.547
         44.587           0.552            0.000            0.071           44.597
         44.637           0.552            0.000            0.071           44.647
         44.687           0.552            0.000            0.070           44.697
         44.737           0.551            0.000            0.070           44.747
         44.787           0.551            0.000            0.070           44.797
         44.837           0.552            0.000            0.070           44.846
         44.886           0.552            0.000            0.071           44.896
         44.936           0.552            0.000            0.071           44.946
         44.986           0.553            0.000            0.071           44.996
         45.037           0.553            0.000            0.072           45.046
         45.087           0.553            0.000            0.072           45.097
         45.137           0.553            0.000            0.072           45.147
         45.187           0.554            0.000            0.072           45.197
         45.237           0.554            0.000            0.072           45.247
         45.287           0.554            0.000            0.072           45.297
         45.337           0.554            0.000            0.072           45.347
         45.387           0.554            0.000            0.073           45.397
         45.437           0.554            0.000            0.073           45.447
         45.487           0.554            0.000            0.073           45.497
         45.538           0.554            0.000            0.073           45.547
         45.588           0.554            0.000            0.073           45.598
         45.638           0.554            0.000            0.072           45.648
         45.688           0.553            0.000            0.072           45.698
         45.738           0.553            0.000            0.072           45.748
         45.788           0.553            0.000            0.071           45.798
         45.838           0.553            0.000            0.071           45.847
         45.887           0.553            0.000            0.072           45.897
         45.937           0.553            0.000            0.072           45.947
         45.988           0.554            0.000            0.072           45.997
         46.038           0.554            0.000            0.072           46.048
         46.088           0.554            0.000            0.072           46.098
         46.139           0.553            0.000            0.072           46.148
         46.189           0.553            0.000            0.071           46.199
         46.239           0.552            0.000            0.071           46.249
         46.289           0.552            0.000            0.070           46.299
         46.338           0.551            0.000            0.070           46.348
         46.388           0.551            0.000            0.070           46.398
         46.438           0.552            0.000            0.070           46.447
         46.488           0.552            0.000            0.071           46.497
         46.538           0.553            0.000            0.071           46.548
         46.588           0.553            0.000            0.072           46.598
         46.639           0.553            0.000            0.072           46.648
         46.689           0.553            0.000            0.071           46.699
         46.739           0.553            0.000            0.071           46.749
         46.789           0.552            0.000            0.070           46.799
         46.839           0.551            0.000            0.070           46.849
         46.889           0.551            0.000            0.069           46.899
         46.939           0.551            0.000            0.069           46.948
         46.988           0.551            0.000            0.069           46.998
         47.038           0.552            0.000            0.070           47.048
         47.088           0.552            0.000            0.070           47.098
         47.139           0.552            0.000            0.070           47.149
         47.189           0.552            0.000            0.070           47.199
         47.239           0.552            0.000            0.070           47.249
         47.289           0.552            0.000            0.070           47.299
         47.339           0.552            0.000            0.070           47.349
         47.389           0.552            0.000            0.070           47.399
         47.439           0.552            0.000            0.070           47.449
         47.489           0.552            0.000            0.070           47.499
         47.539           0.552            0.000            0.070           47.549
         47.589           0.552            0.000            0.070           47.599
         47.639           0.552            0.000            0.070           47.649
         47.689           0.553            0.000            0.070           47.699
         47.739           0.553            0.000            0.070           47.749
         47.790           0.552            0.000            0.070           47.800
         47.840           0.552            0.000            0.070           47.850
         47.890           0.552            0.000            0.070           47.900
         47.940           0.552            0.000            0.070           47.949
         47.989           0.552            0.000            0.070           47.999
         48.039           0.552            0.000            0.070           48.049
         48.090           0.552            0.000            0.070           48.099
         48.140           0.552            0.000            0.070           48.150
         48.190           0.552            0.000            0.070           48.200
         48.240           0.552            0.000            0.070           48.250
         48.290           0.552            0.000            0.070           48.299
         48.340           0.552            0.000            0.070           48.349
         48.390           0.553            0.000            0.070           48.399
         48.440           0.553            0.000            0.070           48.450
         48.490           0.553            0.000            0.070           48.500
         48.541           0.552            0.000            0.070           48.551
         48.591           0.552            0.000            0.069           48.601
         48.641           0.551            0.000            0.068           48.651
         48.691           0.551            0.000            0.068           48.700
         48.740           0.550            0.000            0.068           48.750
         48.790           0.550            0.000            0.068           48.800
         48.840           0.550            0.000            0.068           48.850
         48.891           0.550            0.000            0.068           48.900
         48.941           0.550            0.000            0.067           48.951
         48.991           0.549            0.000            0.067           49.001
         49.041           0.549            0.000            0.066           49.051
         49.091           0.548            0.000            0.065           49.101
         49.141           0.548            0.000            0.065           49.151
         49.191           0.548            0.000            0.065           49.201
         49.241           0.548            0.000            0.065           49.251
         49.291           0.547            0.000            0.065           49.301
         49.341           0.547            0.000            0.064           49.351
         49.392           0.546            0.000            0.064           49.402
         49.442           0.545            0.000            0.063           49.451
         49.491           0.545            0.000            0.063           49.501
         49.541           0.545            0.000            0.063           49.551
         49.591           0.545            0.000            0.063           49.601
         49.641           0.545            0.000            0.063           49.650
         49.691           0.545            0.000            0.063           49.701
         49.741           0.545            0.000            0.064           49.751
         49.792           0.545            0.000            0.064           49.801
         49.842           0.545            0.000            0.063           49.852
         49.892           0.544            0.000            0.063           49.902
         49.942           0.543            0.000            0.062           49.952
         49.992           0.542            0.000            0.062           50.002
         50.042           0.542            0.000            0.061           50.052
         50.092           0.541            0.000            0.061           50.102
         50.142           0.541            0.000            0.061           50.151
         50.191           0.541            0.000            0.061           50.201
         50.242           0.541            0.000            0.061           50.252
         50.292           0.541            0.000            0.061           50.302
         50.342           0.540            0.000            0.061           50.352
         50.392           0.540            0.000            0.061           50.402
         50.442           0.539            0.000            0.061           50.452
         50.492           0.539            0.000            0.060           50.502
         50.542           0.538            0.000            0.060           50.552
         50.592           0.538            0.000            0.060           50.602
         50.642           0.538            0.000            0.060           50.652
         50.692           0.537            0.000            0.060           50.702
         50.742           0.537            0.000            0.060           50.752
         50.793           0.536            0.000            0.060           50.803
         50.843           0.535            0.000            0.060           50.853
         50.893           0.535            0.000            0.059           50.903
         50.943           0.534            0.000            0.059           50.953
         50.993           0.534            0.000            0.059           51.003
         51.043           0.533            0.000            0.059           51.053
         51.093           0.533            0.000            0.059           51.103
         51.143           0.532            0.000            0.059           51.153
         51.193           0.532            0.000            0.059           51.203
         51.243           0.531            0.000            0.059           51.253
         51.293           0.531            0.000            0.059           51.302
         51.342           0.531            0.000            0.059           51.352
         51.392           0.531            0.000            0.060           51.402
         51.442           0.531            0.000            0.060           51.452
         51.492           0.531            0.000            0.061           51.502
         51.542           0.531            0.000            0.061           51.552
         51.593           0.531            0.000            0.062           51.603
         51.643           0.531            0.000            0.062           51.653
         51.693           0.531            0.000            0.063           51.703
         51.743           0.530            0.000            0.063           51.753
         51.793           0.530            0.000            0.063           51.803
         51.843           0.530            0.000            0.064           51.853
         51.893           0.530            0.000            0.064           51.903
         51.943           0.529            0.000            0.064           51.953
         51.993           0.529            0.000            0.064           52.003
         52.043           0.529            0.000            0.065           52.053
         52.093           0.528            0.000            0.065           52.103
         52.144           0.528            0.000            0.065           52.154
         52.194           0.527            0.000            0.065           52.204
         52.244           0.527            0.000            0.065           52.254
         52.294           0.526            0.000            0.065           52.304
         52.344           0.525            0.000            0.065           52.354
         52.394           0.524            0.000            0.065           52.404
         52.444           0.523            0.000            0.065           52.454
         52.495           0.522            0.000            0.064           52.505
         52.545           0.521            0.000            0.064           52.555
         52.595           0.520            0.000            0.064           52.605
         52.645           0.519            0.000            0.063           52.655
         52.695           0.518            0.000            0.063           52.705
         52.745           0.516            0.000            0.062           52.755
         52.795           0.515            0.000            0.062           52.805
         52.845           0.514            0.000            0.061           52.855
         52.895           0.512            0.000            0.060           52.905
         52.945           0.511            0.000            0.060           52.955
         52.995           0.510            0.000            0.060           53.005
         53.045           0.509            0.000            0.059           53.056
         53.096           0.507            0.000            0.059           53.106
         53.146           0.506            0.000            0.058           53.156
         53.196           0.504            0.000            0.057           53.206
         53.246           0.502            0.000            0.056           53.256
         53.296           0.501            0.000            0.055           53.306
         53.345           0.499            0.000            0.055           53.356
         53.395           0.498            0.000            0.055           53.405
         53.445           0.498            0.000            0.055           53.455
         53.495           0.497            0.000            0.055           53.505
         53.545           0.496            0.000            0.056           53.555
         53.595           0.496            0.000            0.056           53.605
         53.645           0.495            0.000            0.057           53.655
         53.695           0.495            0.000            0.057           53.705
         53.745           0.494            0.000            0.057           53.755
         53.795           0.494            0.000            0.058           53.805
         53.845           0.493            0.000            0.058           53.855
         53.895           0.493            0.000            0.059           53.905
         53.945           0.492            0.000            0.059           53.955
         53.995           0.492            0.000            0.060           54.005
         54.045           0.491            0.000            0.060           54.055
         54.095           0.491            0.000            0.061           54.105
         54.145           0.491            0.000            0.062           54.155
         54.195           0.490            0.000            0.063           54.205
         54.245           0.490            0.000            0.064           54.255
         54.295           0.490            0.000            0.065           54.305
         54.345           0.490            0.000            0.066           54.355
         54.395           0.490            0.000            0.067           54.405
         54.445           0.490            0.000            0.068           54.455
         54.495           0.491            0.000            0.069           54.505
         54.545           0.491            0.000            0.071           54.555
         54.595           0.491            0.000            0.072           54.605
         54.645           0.491            0.000            0.073           54.655
         54.695           0.491            0.000            0.074           54.705
         54.745           0.491            0.000            0.076           54.755
         54.795           0.491            0.000            0.077           54.806
         54.845           0.491            0.000            0.078           54.856
         54.895           0.491            0.000            0.079           54.906
         54.945           0.491            0.000            0.081           54.955
         54.995           0.492            0.000            0.082           55.005
         55.045           0.492            0.000            0.084           55.055
         55.095           0.492            0.000            0.085           55.106
         55.145           0.492            0.000            0.086           55.156
         55.196           0.492            0.000            0.088           55.206
         55.246           0.492            0.000            0.089           55.256
         55.296           0.492            0.000            0.090           55.306
         55.346           0.491            0.000            0.091           55.357
         55.396           0.491            0.000            0.092           55.407
         55.447           0.491            0.000            0.093           55.457
         55.497           0.490            0.000            0.093           55.507
         55.547           0.489            0.000            0.094           55.557
         55.597           0.489            0.000            0.095           55.608
         55.647           0.488            0.000            0.095           55.658
         55.698           0.487            0.000            0.096           55.708
         55.748           0.486            0.000            0.096           55.759
         55.799           0.485            0.000            0.096           55.809
         55.849           0.483            0.000            0.096           55.860
         55.900           0.481            0.000            0.096           55.910
         55.950           0.479            0.000            0.095           55.961
         56.000           0.477            0.000            0.094           56.011
         56.050           0.475            0.000            0.094           56.061
         56.100           0.473            0.000            0.093           56.111
         56.150           0.471            0.000            0.092           56.161
         56.199           0.469            0.000            0.092           56.210
         56.249           0.467            0.000            0.092           56.260
         56.299           0.466            0.000            0.092           56.310
         56.349           0.465            0.000            0.092           56.359
         56.399           0.464            0.000            0.093           56.410
         56.449           0.462            0.000            0.093           56.460
         56.499           0.461            0.000            0.093           56.510
         56.550           0.459            0.000            0.093           56.561
         56.600           0.457            0.000            0.093           56.611
         56.650           0.456            0.000            0.092           56.661
         56.700           0.454            0.000            0.092           56.711
         56.750           0.452            0.000            0.092           56.761
         56.799           0.451            0.000            0.092           56.810
         56.849           0.450            0.000            0.093           56.860
         56.899           0.448            0.000            0.093           56.910
         56.949           0.447            0.000            0.093           56.960
         56.999           0.446            0.000            0.094           57.011
         57.050           0.444            0.000            0.094           57.061
         57.100           0.443            0.000            0.094           57.111
         57.150           0.441            0.000            0.094           57.161
         57.200           0.440            0.000            0.094           57.212
         57.251           0.438            0.000            0.094           57.262
         57.301           0.436            0.000            0.094           57.312
         57.351           0.434            0.000            0.094           57.362
         57.401           0.432            0.000            0.094           57.412
         57.451           0.431            0.000            0.094           57.462
         57.501           0.429            0.000            0.094           57.512
         57.551           0.427            0.000            0.094           57.562
         57.601           0.425            0.000            0.094           57.612
         57.652           0.423            0.000            0.094           57.664
         57.702           0.421            0.000            0.093           57.713
         57.749           0.420            0.000            0.093           57.760
         57.804           0.418            0.000            0.094           57.816
