           X               Y                Z                A                C
          0.114           1.517            0.000           -0.165            0.051
          0.165           1.506            0.000           -0.165            0.103
          0.216           1.495            0.000           -0.165            0.155
          0.267           1.484            0.000           -0.165            0.207
          0.318           1.474            0.000           -0.165            0.259
          0.369           1.464            0.000           -0.164            0.311
          0.420           1.454            0.000           -0.164            0.363
          0.471           1.444            0.000           -0.163            0.415
          0.522           1.435            0.000           -0.162            0.467
          0.574           1.426            0.000           -0.161            0.519
          0.625           1.418            0.000           -0.160            0.571
          0.676           1.410            0.000           -0.159            0.623
          0.727           1.402            0.000           -0.157            0.675
          0.778           1.395            0.000           -0.155            0.726
          0.829           1.388            0.000           -0.154            0.778
          0.879           1.381            0.000           -0.152            0.828
          0.930           1.374            0.000           -0.151            0.880
          0.981           1.367            0.000           -0.149            0.931
          1.032           1.361            0.000           -0.148            0.983
          1.084           1.355            0.000           -0.146            1.035
          1.136           1.349            0.000           -0.143            1.088
          1.188           1.345            0.000           -0.140            1.140
          1.240           1.341            0.000           -0.137            1.191
          1.290           1.337            0.000           -0.133            1.242
          1.340           1.333            0.000           -0.130            1.292
          1.390           1.329            0.000           -0.127            1.342
          1.440           1.325            0.000           -0.125            1.392
          1.491           1.321            0.000           -0.122            1.443
          1.542           1.317            0.000           -0.120            1.494
          1.593           1.314            0.000           -0.117            1.546
          1.645           1.311            0.000           -0.113            1.598
          1.697           1.309            0.000           -0.110            1.649
          1.748           1.308            0.000           -0.105            1.701
          1.799           1.307            0.000           -0.101            1.751
          1.849           1.307            0.000           -0.097            1.801
          1.898           1.306            0.000           -0.093            1.851
          1.947           1.304            0.000           -0.091            1.900
          1.997           1.302            0.000           -0.089            1.950
          2.047           1.300            0.000           -0.087            2.000
          2.097           1.299            0.000           -0.085            2.050
          2.148           1.297            0.000           -0.083            2.101
          2.199           1.296            0.000           -0.080            2.152
          2.250           1.296            0.000           -0.078            2.203
          2.300           1.296            0.000           -0.074            2.253
          2.351           1.296            0.000           -0.071            2.304
          2.400           1.296            0.000           -0.067            2.353
          2.450           1.296            0.000           -0.064            2.403
          2.499           1.296            0.000           -0.061            2.452
          2.549           1.294            0.000           -0.059            2.501
          2.598           1.293            0.000           -0.058            2.551
          2.649           1.291            0.000           -0.056            2.602
          2.699           1.290            0.000           -0.054            2.652
          2.750           1.289            0.000           -0.051            2.703
          2.800           1.289            0.000           -0.048            2.753
          2.850           1.289            0.000           -0.045            2.803
          2.900           1.289            0.000           -0.042            2.853
          2.950           1.289            0.000           -0.039            2.903
          3.000           1.289            0.000           -0.035            2.953
          3.050           1.288            0.000           -0.033            3.003
          3.099           1.287            0.000           -0.031            3.052
          3.149           1.285            0.000           -0.029            3.102
          3.199           1.284            0.000           -0.027            3.152
          3.249           1.282            0.000           -0.026            3.203
          3.300           1.280            0.000           -0.024            3.253
          3.350           1.279            0.000           -0.022            3.303
          3.400           1.278            0.000           -0.020            3.353
          3.450           1.278            0.000           -0.017            3.403
          3.500           1.277            0.000           -0.014            3.453
          3.550           1.277            0.000           -0.011            3.503
          3.600           1.276            0.000           -0.009            3.553
          3.650           1.275            0.000           -0.007            3.603
          3.700           1.273            0.000           -0.006            3.653
          3.750           1.271            0.000           -0.004            3.703
          3.800           1.268            0.000           -0.004            3.753
          3.850           1.266            0.000           -0.003            3.804
          3.900           1.264            0.000           -0.002            3.854
          3.950           1.262            0.000            0.000            3.904
          4.000           1.260            0.000            0.001            3.954
          4.050           1.259            0.000            0.003            4.004
          4.100           1.258            0.000            0.005            4.054
          4.151           1.256            0.000            0.007            4.104
          4.201           1.255            0.000            0.009            4.154
          4.251           1.253            0.000            0.010            4.204
          4.301           1.251            0.000            0.011            4.255
          4.351           1.248            0.000            0.011            4.305
          4.401           1.245            0.000            0.012            4.355
          4.451           1.243            0.000            0.012            4.405
          4.501           1.240            0.000            0.013            4.455
          4.551           1.237            0.000            0.013            4.505
          4.601           1.235            0.000            0.014            4.555
          4.651           1.233            0.000            0.015            4.605
          4.701           1.231            0.000            0.017            4.655
          4.751           1.230            0.000            0.018            4.705
          4.801           1.228            0.000            0.019            4.755
          4.851           1.225            0.000            0.020            4.806
          4.902           1.223            0.000            0.021            4.856
          4.952           1.220            0.000            0.021            4.906
          5.002           1.218            0.000            0.021            4.956
          5.052           1.215            0.000            0.022            5.006
          5.102           1.212            0.000            0.022            5.056
          5.152           1.210            0.000            0.023            5.106
          5.202           1.207            0.000            0.023            5.156
          5.252           1.205            0.000            0.024            5.206
          5.302           1.202            0.000            0.025            5.257
          5.352           1.200            0.000            0.025            5.307
          5.402           1.197            0.000            0.026            5.357
          5.452           1.195            0.000            0.026            5.407
          5.502           1.192            0.000            0.027            5.457
          5.552           1.190            0.000            0.028            5.507
          5.602           1.187            0.000            0.028            5.557
          5.652           1.185            0.000            0.029            5.607
          5.702           1.183            0.000            0.030            5.657
          5.752           1.181            0.000            0.031            5.707
          5.802           1.179            0.000            0.032            5.757
          5.852           1.176            0.000            0.032            5.808
          5.902           1.174            0.000            0.032            5.858
          5.952           1.171            0.000            0.033            5.908
          6.002           1.168            0.000            0.033            5.958
          6.052           1.165            0.000            0.033            6.008
          6.102           1.163            0.000            0.034            6.058
          6.152           1.161            0.000            0.034            6.108
          6.202           1.159            0.000            0.035            6.158
          6.252           1.157            0.000            0.036            6.208
          6.302           1.155            0.000            0.037            6.258
          6.352           1.153            0.000            0.038            6.308
          6.402           1.151            0.000            0.039            6.358
          6.453           1.148            0.000            0.040            6.409
          6.503           1.146            0.000            0.040            6.459
          6.553           1.143            0.000            0.040            6.509
          6.603           1.140            0.000            0.040            6.559
          6.653           1.136            0.000            0.040            6.609
          6.703           1.134            0.000            0.040            6.659
          6.753           1.131            0.000            0.040            6.709
          6.802           1.129            0.000            0.041            6.759
          6.852           1.127            0.000            0.041            6.809
          6.902           1.125            0.000            0.043            6.859
          6.952           1.124            0.000            0.044            6.909
          7.002           1.122            0.000            0.045            6.959
          7.052           1.120            0.000            0.046            7.009
          7.103           1.118            0.000            0.047            7.060
          7.153           1.116            0.000            0.047            7.110
          7.204           1.113            0.000            0.047            7.161
          7.254           1.109            0.000            0.047            7.211
          7.304           1.106            0.000            0.046            7.261
          7.354           1.102            0.000            0.045            7.311
          7.403           1.099            0.000            0.045            7.361
          7.453           1.097            0.000            0.045            7.410
          7.502           1.095            0.000            0.046            7.460
          7.552           1.093            0.000            0.047            7.509
          7.602           1.092            0.000            0.049            7.559
          7.652           1.091            0.000            0.051            7.609
          7.702           1.090            0.000            0.052            7.660
          7.753           1.088            0.000            0.053            7.711
          7.804           1.085            0.000            0.053            7.762
          7.855           1.081            0.000            0.052            7.812
          7.905           1.077            0.000            0.051            7.863
          7.954           1.074            0.000            0.050            7.913
          8.004           1.070            0.000            0.049            7.962
          8.054           1.067            0.000            0.048            8.012
          8.103           1.064            0.000            0.048            8.062
          8.153           1.062            0.000            0.049            8.111
          8.203           1.060            0.000            0.049            8.161
          8.252           1.058            0.000            0.050            8.211
          8.302           1.056            0.000            0.051            8.261
          8.352           1.055            0.000            0.052            8.311
          8.403           1.053            0.000            0.053            8.361
          8.453           1.051            0.000            0.054            8.412
          8.504           1.048            0.000            0.054            8.463
          8.555           1.045            0.000            0.053            8.514
          8.605           1.041            0.000            0.052            8.564
          8.655           1.037            0.000            0.050            8.614
          8.704           1.033            0.000            0.049            8.664
          8.754           1.030            0.000            0.048            8.713
          8.803           1.027            0.000            0.048            8.763
          8.853           1.024            0.000            0.048            8.812
          8.902           1.023            0.000            0.049            8.862
          8.952           1.022            0.000            0.050            8.911
          9.002           1.021            0.000            0.052            8.961
          9.052           1.020            0.000            0.054            9.012
          9.103           1.018            0.000            0.055            9.063
          9.154           1.016            0.000            0.055            9.114
          9.205           1.013            0.000            0.054            9.165
          9.255           1.009            0.000            0.053            9.215
          9.305           1.005            0.000            0.051            9.265
          9.355           1.001            0.000            0.050            9.315
          9.404           0.997            0.000            0.049            9.365
          9.454           0.994            0.000            0.048            9.414
          9.503           0.991            0.000            0.048            9.464
          9.553           0.989            0.000            0.048            9.513
          9.602           0.988            0.000            0.049            9.563
          9.652           0.987            0.000            0.051            9.613
          9.702           0.986            0.000            0.052            9.663
          9.752           0.984            0.000            0.053            9.713
          9.803           0.983            0.000            0.054            9.764
          9.854           0.981            0.000            0.054            9.814
          9.904           0.978            0.000            0.054            9.865
          9.955           0.974            0.000            0.053            9.916
         10.005           0.971            0.000            0.051            9.966
         10.054           0.967            0.000            0.050           10.016
         10.104           0.964            0.000            0.049           10.066
         10.154           0.960            0.000            0.048           10.115
         10.204           0.958            0.000            0.048           10.165
         10.253           0.955            0.000            0.048           10.215
         10.303           0.953            0.000            0.048           10.264
         10.352           0.952            0.000            0.049           10.314
         10.402           0.951            0.000            0.050           10.364
         10.452           0.950            0.000            0.052           10.414
         10.503           0.949            0.000            0.053           10.464
         10.553           0.947            0.000            0.053           10.515
         10.604           0.944            0.000            0.053           10.566
         10.655           0.941            0.000            0.052           10.617
         10.705           0.937            0.000            0.050           10.667
         10.754           0.933            0.000            0.049           10.717
         10.804           0.930            0.000            0.048           10.766
         10.854           0.927            0.000            0.047           10.816
         10.903           0.924            0.000            0.047           10.866
         10.953           0.922            0.000            0.047           10.916
         11.003           0.920            0.000            0.047           10.965
         11.053           0.918            0.000            0.047           11.015
         11.103           0.916            0.000            0.048           11.065
         11.152           0.915            0.000            0.048           11.115
         11.203           0.913            0.000            0.049           11.165
         11.253           0.912            0.000            0.050           11.216
         11.303           0.910            0.000            0.050           11.266
         11.354           0.907            0.000            0.050           11.316
         11.404           0.904            0.000            0.049           11.367
         11.454           0.901            0.000            0.048           11.417
         11.504           0.898            0.000            0.047           11.467
         11.554           0.895            0.000            0.046           11.517
         11.604           0.892            0.000            0.045           11.567
         11.653           0.889            0.000            0.045           11.617
         11.703           0.887            0.000            0.044           11.666
         11.752           0.885            0.000            0.045           11.716
         11.802           0.884            0.000            0.045           11.766
         11.852           0.883            0.000            0.046           11.816
         11.902           0.881            0.000            0.047           11.866
         11.953           0.880            0.000            0.048           11.916
         12.003           0.878            0.000            0.048           11.967
         12.054           0.875            0.000            0.047           12.017
         12.104           0.872            0.000            0.046           12.068
         12.154           0.869            0.000            0.045           12.118
         12.204           0.866            0.000            0.044           12.168
         12.253           0.863            0.000            0.044           12.217
         12.303           0.861            0.000            0.043           12.267
         12.353           0.859            0.000            0.043           12.317
         12.403           0.857            0.000            0.043           12.367
         12.453           0.855            0.000            0.044           12.417
         12.503           0.853            0.000            0.044           12.467
         12.553           0.851            0.000            0.044           12.517
         12.603           0.849            0.000            0.044           12.567
         12.653           0.847            0.000            0.044           12.617
         12.703           0.845            0.000            0.044           12.667
         12.753           0.843            0.000            0.044           12.717
         12.803           0.841            0.000            0.044           12.767
         12.853           0.839            0.000            0.044           12.817
         12.903           0.837            0.000            0.044           12.867
         12.953           0.835            0.000            0.044           12.918
         13.003           0.833            0.000            0.043           12.968
         13.053           0.830            0.000            0.043           13.018
         13.103           0.828            0.000            0.042           13.068
         13.153           0.826            0.000            0.042           13.118
         13.203           0.823            0.000            0.041           13.168
         13.253           0.822            0.000            0.041           13.217
         13.302           0.820            0.000            0.042           13.267
         13.352           0.819            0.000            0.042           13.317
         13.402           0.817            0.000            0.043           13.367
         13.453           0.816            0.000            0.043           13.418
         13.503           0.814            0.000            0.043           13.468
         13.553           0.811            0.000            0.042           13.518
         13.604           0.809            0.000            0.041           13.569
         13.654           0.806            0.000            0.040           13.619
         13.704           0.803            0.000            0.039           13.669
         13.753           0.800            0.000            0.038           13.719
         13.803           0.797            0.000            0.037           13.768
         13.853           0.795            0.000            0.037           13.818
         13.902           0.794            0.000            0.037           13.868
         13.952           0.793            0.000            0.038           13.918
         14.002           0.792            0.000            0.039           13.968
         14.052           0.790            0.000            0.039           14.018
         14.103           0.789            0.000            0.039           14.068
         14.153           0.786            0.000            0.039           14.119
         14.203           0.784            0.000            0.038           14.169
         14.253           0.781            0.000            0.037           14.219
         14.303           0.778            0.000            0.036           14.269
         14.353           0.776            0.000            0.035           14.319
         14.403           0.774            0.000            0.035           14.369
         14.452           0.772            0.000            0.035           14.418
         14.502           0.770            0.000            0.035           14.468
         14.553           0.769            0.000            0.035           14.519
         14.603           0.767            0.000            0.034           14.569
         14.653           0.764            0.000            0.034           14.619
         14.703           0.761            0.000            0.033           14.669
         14.753           0.759            0.000            0.031           14.719
         14.803           0.756            0.000            0.031           14.769
         14.852           0.754            0.000            0.030           14.819
         14.902           0.753            0.000            0.031           14.869
         14.952           0.752            0.000            0.031           14.918
         15.002           0.751            0.000            0.032           14.968
         15.052           0.750            0.000            0.032           15.019
         15.103           0.748            0.000            0.033           15.069
         15.153           0.746            0.000            0.032           15.120
         15.203           0.743            0.000            0.031           15.170
         15.253           0.740            0.000            0.029           15.220
         15.303           0.737            0.000            0.027           15.270
         15.353           0.734            0.000            0.026           15.319
         15.402           0.733            0.000            0.026           15.369
         15.452           0.732            0.000            0.027           15.419
         15.502           0.731            0.000            0.028           15.468
         15.552           0.731            0.000            0.029           15.519
         15.602           0.730            0.000            0.030           15.569
         15.652           0.729            0.000            0.031           15.619
         15.703           0.728            0.000            0.031           15.670
         15.753           0.725            0.000            0.030           15.720
         15.803           0.723            0.000            0.029           15.770
         15.853           0.720            0.000            0.027           15.820
         15.903           0.718            0.000            0.027           15.870
         15.952           0.716            0.000            0.027           15.919
         16.002           0.715            0.000            0.027           15.969
         16.052           0.714            0.000            0.028           16.019
         16.102           0.714            0.000            0.029           16.069
         16.152           0.713            0.000            0.029           16.119
         16.203           0.711            0.000            0.029           16.170
         16.253           0.709            0.000            0.028           16.220
         16.303           0.707            0.000            0.027           16.270
         16.353           0.704            0.000            0.026           16.320
         16.403           0.702            0.000            0.025           16.370
         16.452           0.700            0.000            0.025           16.420
         16.502           0.699            0.000            0.025           16.470
         16.552           0.698            0.000            0.026           16.519
         16.602           0.698            0.000            0.027           16.569
         16.652           0.698            0.000            0.028           16.619
         16.702           0.697            0.000            0.029           16.670
         16.753           0.695            0.000            0.029           16.720
         16.803           0.693            0.000            0.028           16.770
         16.853           0.691            0.000            0.027           16.821
         16.903           0.689            0.000            0.026           16.871
         16.953           0.686            0.000            0.025           16.920
         17.002           0.685            0.000            0.025           16.970
         17.052           0.684            0.000            0.025           17.020
         17.102           0.683            0.000            0.026           17.070
         17.152           0.682            0.000            0.026           17.120
         17.202           0.681            0.000            0.026           17.170
         17.252           0.680            0.000            0.027           17.220
         17.303           0.678            0.000            0.026           17.270
         17.353           0.676            0.000            0.026           17.321
         17.403           0.674            0.000            0.025           17.371
         17.453           0.672            0.000            0.024           17.421
         17.502           0.670            0.000            0.023           17.470
         17.552           0.669            0.000            0.023           17.520
         17.602           0.668            0.000            0.024           17.570
         17.652           0.668            0.000            0.025           17.620
         17.702           0.668            0.000            0.026           17.670
         17.752           0.667            0.000            0.027           17.720
         17.802           0.667            0.000            0.027           17.770
         17.852           0.665            0.000            0.027           17.821
         17.903           0.664            0.000            0.027           17.871
         17.953           0.661            0.000            0.026           17.921
         18.003           0.659            0.000            0.025           17.971
         18.053           0.657            0.000            0.024           18.021
         18.102           0.655            0.000            0.023           18.071
         18.152           0.654            0.000            0.023           18.120
         18.202           0.653            0.000            0.023           18.170
         18.252           0.653            0.000            0.024           18.220
         18.302           0.653            0.000            0.025           18.270
         18.352           0.653            0.000            0.026           18.320
         18.402           0.652            0.000            0.027           18.370
         18.452           0.652            0.000            0.028           18.420
         18.502           0.651            0.000            0.028           18.471
         18.553           0.649            0.000            0.027           18.521
         18.603           0.647            0.000            0.027           18.571
         18.653           0.646            0.000            0.026           18.621
         18.703           0.644            0.000            0.025           18.671
         18.752           0.642            0.000            0.025           18.721
         18.802           0.641            0.000            0.024           18.771
         18.852           0.639            0.000            0.024           18.821
         18.902           0.639            0.000            0.025           18.871
         18.952           0.638            0.000            0.025           18.921
         19.002           0.637            0.000            0.025           18.971
         19.052           0.636            0.000            0.026           19.021
         19.102           0.636            0.000            0.026           19.071
         19.152           0.635            0.000            0.026           19.121
         19.202           0.634            0.000            0.027           19.171
         19.252           0.633            0.000            0.027           19.221
         19.302           0.632            0.000            0.027           19.271
         19.352           0.631            0.000            0.027           19.321
         19.402           0.630            0.000            0.026           19.371
         19.453           0.628            0.000            0.026           19.421
         19.503           0.627            0.000            0.025           19.471
         19.553           0.625            0.000            0.025           19.521
         19.603           0.624            0.000            0.024           19.571
         19.652           0.622            0.000            0.024           19.621
         19.702           0.621            0.000            0.024           19.671
         19.752           0.620            0.000            0.024           19.721
         19.802           0.620            0.000            0.024           19.771
         19.852           0.620            0.000            0.025           19.821
         19.902           0.620            0.000            0.026           19.871
         19.952           0.619            0.000            0.027           19.921
         20.002           0.619            0.000            0.027           19.971
         20.052           0.618            0.000            0.027           20.021
         20.103           0.617            0.000            0.027           20.071
         20.153           0.615            0.000            0.026           20.122
         20.203           0.613            0.000            0.025           20.172
         20.253           0.611            0.000            0.024           20.222
         20.303           0.610            0.000            0.024           20.271
         20.352           0.609            0.000            0.024           20.321
         20.402           0.608            0.000            0.024           20.371
         20.452           0.608            0.000            0.024           20.421
         20.502           0.608            0.000            0.025           20.471
         20.552           0.608            0.000            0.026           20.521
         20.602           0.608            0.000            0.027           20.571
         20.652           0.608            0.000            0.028           20.621
         20.702           0.607            0.000            0.028           20.671
         20.753           0.606            0.000            0.028           20.722
         20.803           0.605            0.000            0.027           20.772
         20.853           0.603            0.000            0.026           20.822
         20.903           0.601            0.000            0.025           20.872
         20.953           0.599            0.000            0.024           20.922
         21.002           0.598            0.000            0.024           20.972
         21.052           0.597            0.000            0.023           21.021
         21.102           0.596            0.000            0.024           21.071
         21.152           0.596            0.000            0.024           21.121
         21.202           0.596            0.000            0.025           21.171
         21.252           0.596            0.000            0.026           21.221
         21.302           0.596            0.000            0.027           21.271
         21.352           0.595            0.000            0.027           21.321
         21.403           0.594            0.000            0.027           21.372
         21.453           0.593            0.000            0.026           21.422
         21.503           0.591            0.000            0.025           21.472
         21.553           0.589            0.000            0.024           21.522
         21.603           0.587            0.000            0.023           21.572
         21.653           0.586            0.000            0.022           21.622
         21.702           0.585            0.000            0.022           21.672
         21.752           0.584            0.000            0.022           21.721
         21.802           0.584            0.000            0.022           21.771
         21.852           0.584            0.000            0.023           21.821
         21.902           0.584            0.000            0.024           21.871
         21.952           0.585            0.000            0.025           21.921
         22.002           0.585            0.000            0.026           21.971
         22.052           0.584            0.000            0.026           22.022
         22.103           0.583            0.000            0.026           22.072
         22.153           0.582            0.000            0.025           22.122
         22.203           0.580            0.000            0.024           22.172
         22.253           0.579            0.000            0.023           22.222
         22.303           0.577            0.000            0.023           22.272
         22.352           0.576            0.000            0.022           22.322
         22.402           0.576            0.000            0.022           22.372
         22.452           0.575            0.000            0.023           22.421
         22.502           0.575            0.000            0.023           22.471
         22.552           0.575            0.000            0.024           22.521
         22.602           0.576            0.000            0.025           22.571
         22.652           0.576            0.000            0.026           22.622
         22.702           0.575            0.000            0.026           22.672
         22.752           0.575            0.000            0.026           22.722
         22.802           0.574            0.000            0.026           22.772
         22.853           0.574            0.000            0.026           22.822
         22.903           0.573            0.000            0.026           22.872
         22.952           0.572            0.000            0.026           22.922
         23.002           0.571            0.000            0.026           22.972
         23.052           0.571            0.000            0.026           23.022
         23.102           0.571            0.000            0.026           23.072
         23.152           0.571            0.000            0.027           23.122
         23.202           0.570            0.000            0.027           23.172
         23.252           0.570            0.000            0.028           23.222
         23.302           0.570            0.000            0.028           23.272
         23.352           0.570            0.000            0.029           23.322
         23.402           0.570            0.000            0.029           23.372
         23.452           0.569            0.000            0.029           23.422
         23.503           0.569            0.000            0.029           23.472
         23.553           0.568            0.000            0.029           23.522
         23.603           0.567            0.000            0.028           23.572
         23.653           0.566            0.000            0.028           23.622
         23.703           0.565            0.000            0.028           23.672
         23.752           0.565            0.000            0.028           23.722
         23.802           0.564            0.000            0.028           23.772
         23.852           0.564            0.000            0.028           23.822
         23.902           0.564            0.000            0.029           23.872
         23.952           0.564            0.000            0.029           23.922
         24.002           0.564            0.000            0.029           23.972
         24.053           0.564            0.000            0.030           24.022
         24.103           0.563            0.000            0.029           24.072
         24.153           0.562            0.000            0.029           24.122
         24.203           0.561            0.000            0.029           24.172
         24.253           0.560            0.000            0.028           24.222
         24.303           0.559            0.000            0.028           24.272
         24.353           0.559            0.000            0.028           24.322
         24.402           0.558            0.000            0.028           24.372
         24.452           0.558            0.000            0.028           24.422
         24.502           0.558            0.000            0.028           24.472
         24.552           0.558            0.000            0.029           24.522
         24.602           0.558            0.000            0.029           24.572
         24.652           0.558            0.000            0.029           24.622
         24.702           0.557            0.000            0.030           24.672
         24.753           0.557            0.000            0.030           24.722
         24.803           0.556            0.000            0.029           24.772
         24.853           0.556            0.000            0.029           24.822
         24.903           0.555            0.000            0.029           24.872
         24.953           0.554            0.000            0.028           24.922
         25.003           0.553            0.000            0.028           24.972
         25.053           0.553            0.000            0.028           25.022
         25.102           0.553            0.000            0.028           25.072
         25.152           0.552            0.000            0.028           25.122
         25.202           0.552            0.000            0.029           25.172
         25.252           0.552            0.000            0.029           25.222
         25.302           0.552            0.000            0.029           25.272
         25.353           0.552            0.000            0.030           25.322
         25.403           0.552            0.000            0.030           25.372
         25.453           0.551            0.000            0.029           25.422
         25.503           0.550            0.000            0.029           25.472
         25.553           0.549            0.000            0.028           25.522
         25.603           0.549            0.000            0.028           25.572
         25.653           0.548            0.000            0.028           25.622
         25.703           0.547            0.000            0.028           25.672
         25.753           0.547            0.000            0.028           25.722
         25.802           0.547            0.000            0.028           25.772
         25.852           0.547            0.000            0.028           25.822
         25.902           0.547            0.000            0.028           25.872
         25.952           0.546            0.000            0.028           25.922
         26.003           0.546            0.000            0.028           25.972
         26.053           0.546            0.000            0.028           26.022
         26.103           0.545            0.000            0.028           26.072
         26.153           0.545            0.000            0.028           26.122
         26.203           0.544            0.000            0.028           26.172
         26.253           0.544            0.000            0.028           26.222
         26.303           0.543            0.000            0.027           26.272
         26.353           0.543            0.000            0.027           26.322
         26.403           0.542            0.000            0.027           26.372
         26.453           0.542            0.000            0.027           26.422
         26.503           0.542            0.000            0.027           26.472
         26.553           0.542            0.000            0.027           26.522
         26.602           0.542            0.000            0.028           26.572
         26.652           0.542            0.000            0.028           26.622
         26.702           0.542            0.000            0.028           26.672
         26.752           0.542            0.000            0.028           26.722
         26.803           0.541            0.000            0.028           26.772
         26.853           0.541            0.000            0.029           26.822
         26.903           0.541            0.000            0.029           26.872
         26.953           0.541            0.000            0.029           26.922
         27.003           0.541            0.000            0.029           26.972
         27.053           0.540            0.000            0.028           27.022
         27.103           0.540            0.000            0.028           27.072
         27.153           0.539            0.000            0.028           27.122
         27.203           0.539            0.000            0.028           27.172
         27.253           0.538            0.000            0.028           27.222
         27.303           0.538            0.000            0.028           27.272
         27.353           0.538            0.000            0.028           27.322
         27.403           0.538            0.000            0.028           27.372
         27.453           0.538            0.000            0.028           27.422
         27.503           0.538            0.000            0.028           27.472
         27.553           0.538            0.000            0.028           27.522
         27.603           0.538            0.000            0.028           27.572
         27.653           0.537            0.000            0.028           27.622
         27.703           0.537            0.000            0.028           27.672
         27.753           0.536            0.000            0.028           27.722
         27.803           0.536            0.000            0.027           27.772
         27.853           0.535            0.000            0.027           27.822
         27.903           0.535            0.000            0.027           27.872
         27.953           0.535            0.000            0.027           27.922
         28.003           0.535            0.000            0.027           27.972
         28.053           0.534            0.000            0.027           28.022
         28.103           0.534            0.000            0.027           28.072
         28.153           0.534            0.000            0.027           28.122
         28.203           0.534            0.000            0.027           28.172
         28.253           0.534            0.000            0.027           28.222
         28.303           0.533            0.000            0.027           28.273
         28.353           0.533            0.000            0.026           28.323
         28.403           0.532            0.000            0.026           28.373
         28.453           0.532            0.000            0.025           28.423
         28.503           0.531            0.000            0.025           28.473
         28.553           0.531            0.000            0.025           28.522
         28.603           0.530            0.000            0.025           28.572
         28.653           0.531            0.000            0.025           28.622
         28.702           0.531            0.000            0.025           28.672
         28.752           0.531            0.000            0.026           28.722
         28.803           0.531            0.000            0.026           28.772
         28.853           0.531            0.000            0.026           28.822
         28.903           0.531            0.000            0.026           28.872
         28.953           0.531            0.000            0.026           28.923
         29.003           0.530            0.000            0.026           28.973
         29.053           0.530            0.000            0.025           29.023
         29.103           0.529            0.000            0.025           29.073
         29.153           0.528            0.000            0.024           29.123
         29.203           0.528            0.000            0.024           29.172
         29.253           0.528            0.000            0.024           29.222
         29.303           0.528            0.000            0.025           29.272
         29.352           0.529            0.000            0.025           29.322
         29.402           0.529            0.000            0.026           29.372
         29.453           0.530            0.000            0.026           29.422
         29.503           0.530            0.000            0.026           29.472
         29.553           0.530            0.000            0.026           29.522
         29.603           0.529            0.000            0.026           29.573
         29.653           0.529            0.000            0.026           29.623
         29.703           0.529            0.000            0.026           29.673
         29.753           0.528            0.000            0.025           29.722
         29.803           0.528            0.000            0.026           29.772
         29.853           0.528            0.000            0.026           29.822
         29.903           0.529            0.000            0.026           29.872
         29.953           0.529            0.000            0.027           29.922
         30.003           0.529            0.000            0.027           29.972
         30.053           0.530            0.000            0.027           30.022
         30.103           0.530            0.000            0.027           30.072
         30.153           0.529            0.000            0.027           30.123
         30.203           0.529            0.000            0.027           30.173
         30.253           0.529            0.000            0.027           30.223
         30.303           0.528            0.000            0.026           30.273
         30.353           0.528            0.000            0.026           30.323
         30.403           0.528            0.000            0.026           30.373
         30.453           0.528            0.000            0.026           30.422
         30.503           0.528            0.000            0.026           30.472
         30.553           0.528            0.000            0.027           30.522
         30.603           0.529            0.000            0.027           30.572
         30.653           0.529            0.000            0.027           30.622
         30.703           0.529            0.000            0.027           30.673
         30.753           0.528            0.000            0.027           30.723
         30.803           0.528            0.000            0.026           30.773
         30.853           0.527            0.000            0.026           30.823
         30.903           0.527            0.000            0.026           30.873
         30.953           0.527            0.000            0.025           30.923
         31.003           0.527            0.000            0.025           30.973
         31.053           0.527            0.000            0.026           31.022
         31.103           0.527            0.000            0.026           31.072
         31.153           0.528            0.000            0.027           31.122
         31.203           0.528            0.000            0.027           31.172
         31.253           0.528            0.000            0.027           31.223
         31.303           0.528            0.000            0.027           31.273
         31.353           0.528            0.000            0.027           31.323
         31.403           0.527            0.000            0.026           31.373
         31.453           0.527            0.000            0.026           31.423
         31.503           0.526            0.000            0.025           31.473
         31.553           0.526            0.000            0.025           31.523
         31.603           0.526            0.000            0.025           31.573
         31.653           0.526            0.000            0.025           31.622
         31.703           0.526            0.000            0.026           31.672
         31.753           0.527            0.000            0.026           31.722
         31.803           0.527            0.000            0.027           31.773
         31.853           0.527            0.000            0.027           31.823
         31.903           0.527            0.000            0.026           31.873
         31.953           0.527            0.000            0.026           31.923
         32.003           0.526            0.000            0.026           31.973
         32.053           0.526            0.000            0.025           32.023
         32.103           0.526            0.000            0.025           32.073
         32.153           0.526            0.000            0.025           32.123
         32.203           0.526            0.000            0.025           32.173
         32.253           0.526            0.000            0.026           32.223
         32.303           0.527            0.000            0.026           32.273
         32.353           0.527            0.000            0.026           32.323
         32.403           0.527            0.000            0.026           32.373
         32.453           0.527            0.000            0.026           32.423
         32.503           0.527            0.000            0.026           32.473
         32.553           0.526            0.000            0.026           32.523
         32.603           0.526            0.000            0.026           32.573
         32.653           0.526            0.000            0.026           32.623
         32.703           0.526            0.000            0.026           32.673
         32.753           0.526            0.000            0.026           32.723
         32.803           0.526            0.000            0.026           32.773
         32.853           0.527            0.000            0.026           32.823
         32.903           0.527            0.000            0.027           32.873
         32.953           0.527            0.000            0.027           32.923
         33.003           0.527            0.000            0.027           32.973
         33.053           0.527            0.000            0.026           33.023
         33.103           0.526            0.000            0.026           33.073
         33.153           0.526            0.000            0.026           33.123
         33.203           0.526            0.000            0.026           33.173
         33.253           0.526            0.000            0.026           33.223
         33.303           0.526            0.000            0.026           33.273
         33.353           0.526            0.000            0.026           33.323
         33.403           0.526            0.000            0.026           33.373
         33.453           0.526            0.000            0.026           33.423
         33.503           0.526            0.000            0.026           33.473
         33.553           0.527            0.000            0.026           33.523
         33.603           0.526            0.000            0.026           33.573
         33.653           0.526            0.000            0.026           33.623
         33.703           0.526            0.000            0.026           33.673
         33.753           0.526            0.000            0.026           33.723
         33.803           0.525            0.000            0.025           33.773
         33.853           0.525            0.000            0.025           33.823
         33.903           0.525            0.000            0.025           33.873
         33.953           0.525            0.000            0.025           33.923
         34.003           0.525            0.000            0.025           33.973
         34.053           0.526            0.000            0.026           34.023
         34.103           0.526            0.000            0.026           34.073
         34.153           0.526            0.000            0.026           34.123
         34.203           0.526            0.000            0.026           34.173
         34.253           0.525            0.000            0.025           34.223
         34.303           0.525            0.000            0.025           34.273
         34.353           0.524            0.000            0.024           34.323
         34.403           0.524            0.000            0.024           34.373
         34.453           0.524            0.000            0.024           34.423
         34.503           0.524            0.000            0.024           34.473
         34.553           0.525            0.000            0.025           34.523
         34.603           0.526            0.000            0.026           34.573
         34.653           0.526            0.000            0.027           34.623
         34.703           0.527            0.000            0.027           34.673
         34.753           0.527            0.000            0.027           34.723
         34.804           0.526            0.000            0.026           34.773
         34.854           0.525            0.000            0.025           34.824
         34.904           0.524            0.000            0.024           34.873
         34.953           0.523            0.000            0.024           34.923
         35.003           0.523            0.000            0.023           34.973
         35.053           0.523            0.000            0.024           35.023
         35.103           0.524            0.000            0.025           35.073
         35.153           0.525            0.000            0.026           35.122
         35.203           0.526            0.000            0.027           35.173
         35.253           0.527            0.000            0.027           35.223
         35.304           0.527            0.000            0.027           35.273
         35.354           0.526            0.000            0.026           35.324
         35.404           0.525            0.000            0.025           35.374
         35.454           0.524            0.000            0.024           35.424
         35.503           0.523            0.000            0.024           35.473
         35.553           0.523            0.000            0.024           35.523
         35.603           0.524            0.000            0.024           35.573
         35.653           0.525            0.000            0.025           35.623
         35.703           0.526            0.000            0.027           35.673
         35.753           0.527            0.000            0.028           35.723
         35.803           0.528            0.000            0.028           35.773
         35.854           0.527            0.000            0.027           35.824
         35.904           0.526            0.000            0.026           35.874
         35.954           0.524            0.000            0.025           35.924
         36.004           0.523            0.000            0.024           35.974
         36.053           0.523            0.000            0.023           36.023
         36.103           0.523            0.000            0.024           36.073
         36.153           0.524            0.000            0.025           36.123
         36.203           0.526            0.000            0.026           36.173
         36.253           0.527            0.000            0.027           36.223
         36.303           0.527            0.000            0.028           36.273
         36.354           0.527            0.000            0.027           36.324
         36.404           0.526            0.000            0.027           36.374
         36.454           0.525            0.000            0.026           36.424
         36.504           0.525            0.000            0.025           36.474
         36.553           0.524            0.000            0.025           36.523
         36.603           0.524            0.000            0.025           36.573
         36.653           0.525            0.000            0.025           36.623
         36.703           0.526            0.000            0.026           36.673
         36.753           0.526            0.000            0.027           36.723
         36.803           0.527            0.000            0.027           36.773
         36.853           0.527            0.000            0.027           36.823
         36.904           0.527            0.000            0.027           36.874
         36.954           0.526            0.000            0.027           36.924
         37.004           0.526            0.000            0.026           36.974
         37.053           0.526            0.000            0.026           37.023
         37.103           0.526            0.000            0.026           37.073
         37.153           0.526            0.000            0.027           37.123
         37.203           0.527            0.000            0.027           37.173
         37.253           0.527            0.000            0.028           37.223
         37.303           0.528            0.000            0.028           37.273
         37.353           0.528            0.000            0.028           37.323
         37.404           0.528            0.000            0.028           37.374
         37.454           0.528            0.000            0.028           37.424
         37.504           0.527            0.000            0.028           37.474
         37.554           0.527            0.000            0.028           37.524
         37.603           0.527            0.000            0.027           37.574
         37.653           0.527            0.000            0.027           37.623
         37.703           0.527            0.000            0.028           37.673
         37.753           0.527            0.000            0.028           37.723
         37.803           0.528            0.000            0.028           37.773
         37.853           0.528            0.000            0.028           37.824
         37.903           0.528            0.000            0.028           37.874
         37.953           0.528            0.000            0.028           37.924
         38.003           0.528            0.000            0.028           37.974
         38.053           0.528            0.000            0.028           38.024
         38.103           0.528            0.000            0.028           38.074
         38.154           0.528            0.000            0.028           38.124
         38.204           0.528            0.000            0.028           38.174
         38.254           0.527            0.000            0.028           38.224
         38.304           0.527            0.000            0.028           38.274
         38.354           0.527            0.000            0.027           38.324
         38.404           0.527            0.000            0.027           38.374
         38.453           0.527            0.000            0.027           38.423
         38.503           0.527            0.000            0.027           38.473
         38.554           0.527            0.000            0.027           38.524
         38.604           0.527            0.000            0.027           38.574
         38.654           0.526            0.000            0.027           38.624
         38.704           0.525            0.000            0.025           38.674
         38.754           0.524            0.000            0.024           38.724
         38.804           0.523            0.000            0.023           38.774
         38.854           0.522            0.000            0.023           38.824
         38.904           0.522            0.000            0.022           38.874
         38.954           0.522            0.000            0.022           38.924
         39.004           0.521            0.000            0.022           38.974
         39.054           0.521            0.000            0.021           39.024
         39.104           0.520            0.000            0.020           39.074
         39.154           0.519            0.000            0.019           39.124
         39.204           0.517            0.000            0.018           39.174
         39.254           0.516            0.000            0.017           39.224
         39.304           0.516            0.000            0.016           39.274
         39.354           0.515            0.000            0.016           39.324
         39.404           0.515            0.000            0.016           39.374
         39.454           0.515            0.000            0.016           39.424
         39.504           0.514            0.000            0.016           39.474
         39.554           0.514            0.000            0.015           39.524
         39.604           0.513            0.000            0.015           39.574
         39.654           0.512            0.000            0.014           39.624
         39.704           0.510            0.000            0.013           39.674
         39.754           0.509            0.000            0.012           39.724
         39.804           0.509            0.000            0.011           39.774
         39.854           0.508            0.000            0.011           39.824
         39.904           0.508            0.000            0.012           39.874
         39.954           0.508            0.000            0.012           39.924
         40.004           0.508            0.000            0.012           39.974
         40.054           0.507            0.000            0.011           40.024
         40.104           0.506            0.000            0.010           40.074
         40.154           0.504            0.000            0.009           40.124
         40.204           0.504            0.000            0.009           40.174
         40.254           0.503            0.000            0.009           40.224
         40.304           0.503            0.000            0.009           40.274
         40.354           0.504            0.000            0.010           40.324
         40.404           0.504            0.000            0.011           40.374
         40.454           0.504            0.000            0.011           40.424
         40.504           0.503            0.000            0.011           40.474
         40.554           0.502            0.000            0.010           40.524
         40.604           0.502            0.000            0.010           40.574
         40.654           0.501            0.000            0.011           40.624
         40.704           0.502            0.000            0.011           40.674
         40.754           0.502            0.000            0.012           40.724
         40.804           0.502            0.000            0.012           40.774
         40.854           0.501            0.000            0.012           40.824
         40.904           0.501            0.000            0.012           40.874
         40.954           0.500            0.000            0.012           40.924
         41.004           0.499            0.000            0.012           40.974
         41.054           0.499            0.000            0.013           41.024
         41.104           0.499            0.000            0.013           41.074
         41.154           0.499            0.000            0.014           41.124
         41.204           0.499            0.000            0.014           41.174
         41.254           0.499            0.000            0.015           41.224
         41.304           0.499            0.000            0.015           41.274
         41.354           0.498            0.000            0.016           41.324
         41.404           0.498            0.000            0.016           41.374
         41.454           0.498            0.000            0.016           41.424
         41.504           0.498            0.000            0.017           41.474
         41.554           0.497            0.000            0.018           41.524
         41.604           0.497            0.000            0.018           41.574
         41.654           0.496            0.000            0.018           41.624
         41.704           0.496            0.000            0.018           41.674
         41.754           0.495            0.000            0.018           41.724
         41.804           0.494            0.000            0.018           41.774
         41.854           0.494            0.000            0.019           41.824
         41.904           0.493            0.000            0.019           41.874
         41.954           0.493            0.000            0.020           41.924
         42.004           0.492            0.000            0.020           41.974
         42.054           0.492            0.000            0.020           42.025
         42.104           0.491            0.000            0.020           42.075
         42.154           0.490            0.000            0.020           42.125
         42.204           0.489            0.000            0.020           42.175
         42.254           0.488            0.000            0.021           42.224
         42.304           0.488            0.000            0.021           42.274
         42.354           0.488            0.000            0.022           42.324
         42.404           0.487            0.000            0.022           42.375
         42.454           0.486            0.000            0.022           42.425
         42.504           0.485            0.000            0.022           42.475
         42.555           0.484            0.000            0.022           42.525
         42.605           0.482            0.000            0.021           42.575
         42.655           0.481            0.000            0.021           42.625
         42.704           0.479            0.000            0.021           42.675
         42.754           0.478            0.000            0.021           42.725
         42.804           0.477            0.000            0.020           42.775
         42.854           0.476            0.000            0.021           42.825
         42.904           0.475            0.000            0.021           42.875
         42.954           0.474            0.000            0.021           42.925
         43.004           0.473            0.000            0.021           42.975
         43.054           0.472            0.000            0.022           43.025
         43.104           0.471            0.000            0.022           43.075
         43.154           0.471            0.000            0.022           43.125
         43.204           0.470            0.000            0.023           43.175
         43.254           0.469            0.000            0.023           43.225
         43.304           0.467            0.000            0.023           43.275
         43.354           0.466            0.000            0.023           43.325
         43.404           0.465            0.000            0.023           43.375
         43.454           0.465            0.000            0.024           43.425
         43.504           0.464            0.000            0.025           43.475
         43.554           0.463            0.000            0.025           43.525
         43.604           0.463            0.000            0.026           43.575
         43.654           0.462            0.000            0.027           43.625
         43.704           0.461            0.000            0.027           43.675
         43.754           0.460            0.000            0.028           43.725
         43.804           0.460            0.000            0.028           43.775
         43.854           0.459            0.000            0.029           43.825
         43.904           0.458            0.000            0.030           43.875
         43.954           0.458            0.000            0.031           43.925
         44.005           0.457            0.000            0.031           43.975
         44.055           0.456            0.000            0.032           44.025
         44.105           0.455            0.000            0.033           44.075
         44.155           0.454            0.000            0.033           44.125
         44.205           0.453            0.000            0.034           44.175
         44.255           0.452            0.000            0.034           44.225
         44.305           0.451            0.000            0.035           44.275
         44.355           0.451            0.000            0.036           44.325
         44.405           0.450            0.000            0.036           44.376
         44.455           0.449            0.000            0.037           44.426
         44.505           0.448            0.000            0.037           44.476
         44.555           0.446            0.000            0.038           44.526
         44.605           0.445            0.000            0.038           44.576
         44.655           0.444            0.000            0.038           44.626
         44.705           0.442            0.000            0.039           44.676
         44.755           0.441            0.000            0.039           44.726
         44.805           0.440            0.000            0.039           44.776
         44.855           0.438            0.000            0.040           44.826
         44.905           0.437            0.000            0.040           44.876
         44.955           0.435            0.000            0.040           44.926
         45.006           0.433            0.000            0.040           44.977
         45.056           0.432            0.000            0.040           45.027
         45.106           0.430            0.000            0.040           45.077
         45.156           0.428            0.000            0.040           45.127
         45.206           0.426            0.000            0.040           45.177
         45.256           0.424            0.000            0.040           45.227
         45.306           0.423            0.000            0.040           45.277
         45.356           0.421            0.000            0.040           45.327
         45.406           0.419            0.000            0.040           45.377
         45.456           0.417            0.000            0.040           45.427
         45.506           0.415            0.000            0.040           45.477
         45.556           0.413            0.000            0.039           45.527
         45.606           0.411            0.000            0.039           45.577
         45.656           0.408            0.000            0.039           45.627
         45.706           0.406            0.000            0.039           45.677
         45.756           0.404            0.000            0.039           45.727
         45.806           0.402            0.000            0.038           45.777
         45.856           0.400            0.000            0.039           45.827
         45.906           0.398            0.000            0.039           45.877
         45.956           0.396            0.000            0.039           45.927
         46.006           0.394            0.000            0.039           45.978
         46.056           0.392            0.000            0.039           46.028
         46.106           0.390            0.000            0.039           46.078
         46.156           0.388            0.000            0.039           46.128
         46.206           0.386            0.000            0.039           46.178
         46.256           0.384            0.000            0.039           46.228
         46.306           0.382            0.000            0.039           46.278
         46.356           0.380            0.000            0.039           46.328
         46.406           0.378            0.000            0.039           46.378
         46.456           0.375            0.000            0.039           46.428
         46.506           0.373            0.000            0.039           46.478
         46.556           0.371            0.000            0.039           46.528
         46.606           0.369            0.000            0.039           46.578
         46.656           0.367            0.000            0.039           46.628
         46.706           0.364            0.000            0.039           46.678
         46.756           0.362            0.000            0.038           46.729
         46.806           0.360            0.000            0.038           46.779
         46.856           0.357            0.000            0.038           46.829
         46.906           0.355            0.000            0.038           46.879
         46.956           0.352            0.000            0.038           46.929
         47.006           0.350            0.000            0.038           46.979
         47.056           0.347            0.000            0.037           47.029
         47.106           0.344            0.000            0.037           47.079
         47.156           0.342            0.000            0.037           47.129
         47.206           0.339            0.000            0.036           47.179
         47.256           0.336            0.000            0.036           47.229
         47.306           0.333            0.000            0.036           47.279
         47.356           0.331            0.000            0.036           47.329
         47.406           0.329            0.000            0.036           47.379
         47.456           0.326            0.000            0.036           47.429
         47.506           0.324            0.000            0.036           47.480
         47.556           0.321            0.000            0.035           47.530
         47.606           0.318            0.000            0.035           47.580
         47.656           0.315            0.000            0.035           47.630
         47.706           0.313            0.000            0.035           47.679
         47.755           0.311            0.000            0.036           47.729
         47.807           0.309            0.000            0.036           47.781
         47.863           0.299            0.000            0.029           47.837
         47.910           0.280            0.000            0.013           47.888
