           X               Y                Z                A                C
          0.001           1.653            0.000            0.006            0.000
          0.051           1.641            0.000            0.005            0.051
          0.101           1.630            0.000            0.003            0.102
          0.151           1.619            0.000            0.002            0.153
          0.200           1.608            0.000            0.000            0.204
          0.250           1.597            0.000           -0.001            0.255
          0.300           1.586            0.000           -0.003            0.305
          0.349           1.576            0.000           -0.004            0.356
          0.399           1.566            0.000           -0.006            0.407
          0.449           1.556            0.000           -0.007            0.458
          0.499           1.546            0.000           -0.009            0.509
          0.549           1.537            0.000           -0.010            0.559
          0.599           1.528            0.000           -0.011            0.610
          0.649           1.519            0.000           -0.012            0.661
          0.699           1.511            0.000           -0.013            0.711
          0.749           1.503            0.000           -0.013            0.762
          0.799           1.495            0.000           -0.014            0.813
          0.849           1.488            0.000           -0.015            0.863
          0.899           1.480            0.000           -0.015            0.914
          0.949           1.473            0.000           -0.016            0.964
          0.999           1.466            0.000           -0.016            1.015
          1.049           1.460            0.000           -0.017            1.065
          1.099           1.453            0.000           -0.017            1.116
          1.149           1.447            0.000           -0.017            1.166
          1.199           1.442            0.000           -0.017            1.217
          1.249           1.437            0.000           -0.018            1.267
          1.300           1.432            0.000           -0.018            1.318
          1.350           1.427            0.000           -0.018            1.368
          1.400           1.423            0.000           -0.018            1.418
          1.450           1.418            0.000           -0.018            1.469
          1.500           1.414            0.000           -0.019            1.519
          1.550           1.410            0.000           -0.019            1.569
          1.600           1.407            0.000           -0.019            1.619
          1.650           1.403            0.000           -0.019            1.670
          1.700           1.400            0.000           -0.019            1.720
          1.751           1.397            0.000           -0.018            1.770
          1.801           1.395            0.000           -0.017            1.820
          1.851           1.393            0.000           -0.016            1.871
          1.901           1.391            0.000           -0.015            1.921
          1.951           1.389            0.000           -0.014            1.971
          2.001           1.386            0.000           -0.012            2.021
          2.051           1.384            0.000           -0.011            2.071
          2.101           1.382            0.000           -0.010            2.121
          2.152           1.380            0.000           -0.009            2.172
          2.202           1.378            0.000           -0.007            2.222
          2.252           1.376            0.000           -0.006            2.272
          2.302           1.375            0.000           -0.004            2.322
          2.352           1.373            0.000           -0.002            2.372
          2.402           1.372            0.000            0.000            2.422
          2.452           1.371            0.000            0.002            2.472
          2.502           1.369            0.000            0.004            2.522
          2.552           1.368            0.000            0.005            2.573
          2.603           1.366            0.000            0.007            2.623
          2.653           1.365            0.000            0.009            2.673
          2.703           1.363            0.000            0.011            2.723
          2.753           1.361            0.000            0.012            2.773
          2.803           1.360            0.000            0.014            2.823
          2.853           1.358            0.000            0.016            2.873
          2.903           1.357            0.000            0.018            2.923
          2.953           1.356            0.000            0.019            2.974
          3.003           1.354            0.000            0.021            3.024
          3.053           1.353            0.000            0.023            3.074
          3.104           1.351            0.000            0.025            3.124
          3.154           1.350            0.000            0.027            3.174
          3.204           1.349            0.000            0.029            3.224
          3.254           1.347            0.000            0.030            3.274
          3.304           1.346            0.000            0.032            3.324
          3.354           1.344            0.000            0.034            3.375
          3.404           1.343            0.000            0.036            3.425
          3.454           1.341            0.000            0.037            3.475
          3.505           1.339            0.000            0.038            3.525
          3.555           1.337            0.000            0.040            3.575
          3.605           1.336            0.000            0.041            3.625
          3.655           1.334            0.000            0.043            3.675
          3.705           1.333            0.000            0.045            3.725
          3.755           1.331            0.000            0.047            3.775
          3.805           1.330            0.000            0.049            3.825
          3.855           1.329            0.000            0.050            3.876
          3.905           1.327            0.000            0.052            3.926
          3.956           1.326            0.000            0.054            3.976
          4.006           1.323            0.000            0.055            4.027
          4.056           1.321            0.000            0.055            4.077
          4.107           1.319            0.000            0.056            4.127
          4.156           1.316            0.000            0.057            4.177
          4.206           1.314            0.000            0.057            4.227
          4.256           1.312            0.000            0.059            4.277
          4.306           1.310            0.000            0.060            4.327
          4.356           1.309            0.000            0.062            4.377
          4.406           1.307            0.000            0.063            4.427
          4.457           1.305            0.000            0.064            4.478
          4.507           1.303            0.000            0.065            4.528
          4.557           1.301            0.000            0.066            4.579
          4.608           1.298            0.000            0.067            4.629
          4.658           1.296            0.000            0.067            4.679
          4.708           1.293            0.000            0.067            4.730
          4.758           1.290            0.000            0.068            4.780
          4.808           1.287            0.000            0.068            4.830
          4.858           1.284            0.000            0.068            4.880
          4.908           1.282            0.000            0.068            4.930
          4.958           1.279            0.000            0.069            4.980
          5.008           1.277            0.000            0.069            5.030
          5.058           1.274            0.000            0.070            5.080
          5.109           1.271            0.000            0.070            5.131
          5.159           1.269            0.000            0.070            5.181
          5.209           1.265            0.000            0.070            5.231
          5.259           1.262            0.000            0.070            5.282
          5.309           1.259            0.000            0.070            5.332
          5.359           1.256            0.000            0.069            5.382
          5.409           1.253            0.000            0.069            5.432
          5.459           1.250            0.000            0.069            5.482
          5.509           1.247            0.000            0.070            5.532
          5.559           1.244            0.000            0.070            5.582
          5.609           1.242            0.000            0.070            5.632
          5.659           1.239            0.000            0.070            5.682
          5.709           1.236            0.000            0.071            5.732
          5.759           1.234            0.000            0.071            5.782
          5.809           1.231            0.000            0.071            5.833
          5.859           1.228            0.000            0.071            5.883
          5.910           1.225            0.000            0.071            5.933
          5.960           1.222            0.000            0.071            5.983
          6.009           1.219            0.000            0.071            6.033
          6.059           1.216            0.000            0.071            6.083
          6.109           1.214            0.000            0.071            6.133
          6.159           1.211            0.000            0.071            6.183
          6.209           1.208            0.000            0.071            6.233
          6.260           1.206            0.000            0.072            6.283
          6.310           1.203            0.000            0.072            6.334
          6.360           1.200            0.000            0.072            6.384
          6.409           1.198            0.000            0.072            6.434
          6.459           1.195            0.000            0.073            6.484
          6.509           1.193            0.000            0.073            6.534
          6.559           1.191            0.000            0.074            6.584
          6.610           1.188            0.000            0.074            6.634
          6.660           1.186            0.000            0.074            6.684
          6.710           1.183            0.000            0.075            6.735
          6.760           1.180            0.000            0.075            6.785
          6.810           1.178            0.000            0.075            6.835
          6.860           1.175            0.000            0.075            6.885
          6.910           1.172            0.000            0.075            6.935
          6.960           1.170            0.000            0.075            6.985
          7.010           1.167            0.000            0.075            7.035
          7.060           1.165            0.000            0.076            7.085
          7.110           1.163            0.000            0.076            7.135
          7.160           1.160            0.000            0.077            7.185
          7.211           1.158            0.000            0.077            7.236
          7.261           1.155            0.000            0.077            7.286
          7.311           1.152            0.000            0.077            7.336
          7.360           1.150            0.000            0.077            7.386
          7.410           1.148            0.000            0.077            7.436
          7.460           1.146            0.000            0.078            7.486
          7.510           1.143            0.000            0.079            7.536
          7.561           1.141            0.000            0.079            7.587
          7.612           1.138            0.000            0.078            7.637
          7.662           1.135            0.000            0.078            7.688
          7.712           1.131            0.000            0.077            7.738
          7.762           1.128            0.000            0.077            7.787
          7.811           1.126            0.000            0.077            7.837
          7.860           1.123            0.000            0.077            7.887
          7.910           1.121            0.000            0.078            7.936
          7.960           1.119            0.000            0.078            7.987
          8.011           1.117            0.000            0.079            8.037
          8.061           1.115            0.000            0.079            8.088
          8.112           1.112            0.000            0.079            8.138
          8.162           1.109            0.000            0.079            8.188
          8.212           1.106            0.000            0.078            8.238
          8.262           1.103            0.000            0.078            8.289
          8.312           1.101            0.000            0.078            8.339
          8.362           1.098            0.000            0.077            8.389
          8.412           1.095            0.000            0.077            8.439
          8.462           1.092            0.000            0.077            8.489
          8.512           1.089            0.000            0.077            8.539
          8.561           1.087            0.000            0.077            8.588
          8.611           1.085            0.000            0.077            8.638
          8.661           1.083            0.000            0.077            8.688
          8.711           1.081            0.000            0.078            8.738
          8.761           1.079            0.000            0.079            8.789
          8.812           1.076            0.000            0.079            8.839
          8.863           1.074            0.000            0.078            8.890
          8.913           1.071            0.000            0.078            8.940
          8.963           1.068            0.000            0.077            8.991
          9.013           1.064            0.000            0.077            9.041
          9.063           1.061            0.000            0.076            9.091
          9.113           1.058            0.000            0.075            9.140
          9.162           1.056            0.000            0.075            9.190
          9.212           1.053            0.000            0.075            9.240
          9.262           1.051            0.000            0.075            9.290
          9.312           1.049            0.000            0.075            9.340
          9.361           1.047            0.000            0.076            9.390
          9.412           1.045            0.000            0.076            9.440
          9.462           1.043            0.000            0.077            9.490
          9.512           1.041            0.000            0.077            9.541
          9.563           1.038            0.000            0.077            9.591
          9.614           1.035            0.000            0.076            9.642
          9.664           1.032            0.000            0.075            9.692
          9.714           1.028            0.000            0.074            9.742
          9.763           1.025            0.000            0.073            9.792
          9.813           1.022            0.000            0.073            9.842
          9.863           1.019            0.000            0.072            9.891
          9.912           1.017            0.000            0.072            9.941
          9.962           1.015            0.000            0.072            9.991
         10.012           1.013            0.000            0.073           10.041
         10.062           1.011            0.000            0.073           10.091
         10.112           1.009            0.000            0.074           10.141
         10.162           1.008            0.000            0.074           10.191
         10.212           1.006            0.000            0.075           10.241
         10.263           1.004            0.000            0.075           10.292
         10.313           1.001            0.000            0.075           10.343
         10.364           0.998            0.000            0.074           10.393
         10.414           0.995            0.000            0.073           10.444
         10.464           0.992            0.000            0.072           10.494
         10.514           0.988            0.000            0.071           10.544
         10.564           0.985            0.000            0.070           10.593
         10.613           0.983            0.000            0.069           10.643
         10.662           0.980            0.000            0.069           10.692
         10.712           0.979            0.000            0.070           10.742
         10.761           0.977            0.000            0.071           10.791
         10.811           0.976            0.000            0.072           10.841
         10.861           0.975            0.000            0.073           10.891
         10.912           0.974            0.000            0.074           10.942
         10.963           0.973            0.000            0.075           10.993
         11.014           0.970            0.000            0.075           11.044
         11.065           0.967            0.000            0.074           11.095
         11.115           0.964            0.000            0.073           11.145
         11.165           0.960            0.000            0.071           11.195
         11.215           0.957            0.000            0.070           11.245
         11.264           0.954            0.000            0.069           11.295
         11.313           0.952            0.000            0.069           11.344
         11.363           0.950            0.000            0.069           11.394
         11.413           0.948            0.000            0.069           11.443
         11.462           0.946            0.000            0.070           11.493
         11.512           0.945            0.000            0.071           11.543
         11.562           0.944            0.000            0.072           11.593
         11.612           0.943            0.000            0.073           11.643
         11.663           0.942            0.000            0.074           11.694
         11.714           0.940            0.000            0.074           11.745
         11.765           0.937            0.000            0.073           11.796
         11.816           0.934            0.000            0.072           11.847
         11.866           0.931            0.000            0.071           11.897
         11.916           0.927            0.000            0.070           11.947
         11.965           0.924            0.000            0.068           11.996
         12.015           0.921            0.000            0.068           12.046
         12.064           0.919            0.000            0.067           12.095
         12.113           0.917            0.000            0.067           12.145
         12.163           0.915            0.000            0.068           12.195
         12.213           0.914            0.000            0.068           12.244
         12.263           0.913            0.000            0.069           12.294
         12.313           0.912            0.000            0.070           12.344
         12.363           0.911            0.000            0.071           12.395
         12.414           0.909            0.000            0.071           12.446
         12.465           0.907            0.000            0.071           12.496
         12.515           0.904            0.000            0.070           12.547
         12.566           0.901            0.000            0.069           12.598
         12.616           0.898            0.000            0.068           12.648
         12.666           0.895            0.000            0.067           12.698
         12.716           0.892            0.000            0.066           12.748
         12.765           0.889            0.000            0.065           12.797
         12.815           0.886            0.000            0.064           12.847
         12.864           0.884            0.000            0.064           12.896
         12.914           0.883            0.000            0.064           12.946
         12.963           0.881            0.000            0.065           12.996
         13.013           0.880            0.000            0.066           13.045
         13.063           0.880            0.000            0.067           13.095
         13.113           0.879            0.000            0.068           13.146
         13.164           0.877            0.000            0.068           13.197
         13.215           0.875            0.000            0.068           13.247
         13.266           0.873            0.000            0.068           13.298
         13.316           0.870            0.000            0.067           13.349
         13.366           0.867            0.000            0.065           13.399
         13.416           0.864            0.000            0.064           13.449
         13.466           0.861            0.000            0.063           13.499
         13.515           0.858            0.000            0.062           13.548
         13.565           0.856            0.000            0.062           13.598
         13.615           0.854            0.000            0.061           13.648
         13.664           0.852            0.000            0.062           13.697
         13.714           0.851            0.000            0.062           13.747
         13.764           0.850            0.000            0.063           13.797
         13.814           0.849            0.000            0.064           13.847
         13.864           0.848            0.000            0.064           13.897
         13.915           0.847            0.000            0.065           13.948
         13.965           0.845            0.000            0.065           13.998
         14.016           0.843            0.000            0.064           14.049
         14.066           0.840            0.000            0.064           14.099
         14.116           0.837            0.000            0.063           14.150
         14.166           0.835            0.000            0.062           14.200
         14.216           0.832            0.000            0.061           14.249
         14.266           0.830            0.000            0.060           14.299
         14.316           0.827            0.000            0.059           14.349
         14.366           0.825            0.000            0.059           14.399
         14.415           0.823            0.000            0.059           14.449
         14.465           0.822            0.000            0.059           14.499
         14.515           0.820            0.000            0.059           14.549
         14.565           0.819            0.000            0.059           14.599
         14.615           0.817            0.000            0.059           14.649
         14.665           0.816            0.000            0.060           14.699
         14.715           0.815            0.000            0.060           14.749
         14.765           0.813            0.000            0.060           14.799
         14.816           0.811            0.000            0.060           14.850
         14.866           0.809            0.000            0.060           14.900
         14.916           0.807            0.000            0.059           14.950
         14.966           0.805            0.000            0.059           15.000
         15.016           0.803            0.000            0.058           15.050
         15.066           0.800            0.000            0.057           15.100
         15.116           0.798            0.000            0.057           15.150
         15.166           0.796            0.000            0.056           15.200
         15.216           0.794            0.000            0.056           15.250
         15.266           0.793            0.000            0.056           15.300
         15.316           0.791            0.000            0.056           15.350
         15.365           0.790            0.000            0.056           15.400
         15.415           0.788            0.000            0.056           15.450
         15.465           0.787            0.000            0.057           15.500
         15.516           0.786            0.000            0.057           15.550
         15.566           0.785            0.000            0.057           15.600
         15.616           0.783            0.000            0.057           15.651
         15.666           0.781            0.000            0.057           15.701
         15.717           0.779            0.000            0.056           15.751
         15.767           0.777            0.000            0.056           15.801
         15.817           0.775            0.000            0.055           15.851
         15.867           0.773            0.000            0.055           15.901
         15.917           0.771            0.000            0.055           15.951
         15.966           0.770            0.000            0.054           16.001
         16.016           0.768            0.000            0.054           16.051
         16.066           0.766            0.000            0.054           16.101
         16.116           0.765            0.000            0.054           16.151
         16.166           0.764            0.000            0.054           16.201
         16.216           0.762            0.000            0.054           16.251
         16.267           0.761            0.000            0.054           16.301
         16.317           0.759            0.000            0.054           16.351
         16.367           0.757            0.000            0.054           16.402
         16.417           0.756            0.000            0.054           16.452
         16.467           0.754            0.000            0.053           16.502
         16.517           0.752            0.000            0.053           16.552
         16.567           0.751            0.000            0.053           16.602
         16.617           0.749            0.000            0.052           16.652
         16.667           0.747            0.000            0.052           16.702
         16.717           0.745            0.000            0.052           16.752
         16.767           0.744            0.000            0.052           16.802
         16.817           0.742            0.000            0.051           16.852
         16.867           0.740            0.000            0.051           16.902
         16.917           0.738            0.000            0.050           16.952
         16.967           0.736            0.000            0.050           17.003
         17.017           0.734            0.000            0.049           17.053
         17.067           0.733            0.000            0.049           17.103
         17.117           0.731            0.000            0.048           17.153
         17.167           0.729            0.000            0.048           17.202
         17.217           0.728            0.000            0.048           17.252
         17.267           0.726            0.000            0.048           17.302
         17.317           0.725            0.000            0.048           17.352
         17.367           0.724            0.000            0.048           17.402
         17.417           0.722            0.000            0.048           17.453
         17.467           0.721            0.000            0.048           17.503
         17.517           0.720            0.000            0.047           17.553
         17.568           0.718            0.000            0.047           17.603
         17.618           0.716            0.000            0.047           17.653
         17.668           0.714            0.000            0.046           17.703
         17.718           0.712            0.000            0.045           17.753
         17.768           0.710            0.000            0.045           17.803
         17.818           0.709            0.000            0.044           17.853
         17.868           0.707            0.000            0.044           17.903
         17.918           0.706            0.000            0.044           17.953
         17.967           0.704            0.000            0.044           18.003
         18.017           0.703            0.000            0.044           18.053
         18.067           0.702            0.000            0.044           18.103
         18.117           0.701            0.000            0.044           18.153
         18.168           0.700            0.000            0.044           18.203
         18.218           0.699            0.000            0.045           18.253
         18.268           0.698            0.000            0.045           18.303
         18.318           0.697            0.000            0.045           18.354
         18.368           0.695            0.000            0.045           18.404
         18.418           0.694            0.000            0.045           18.454
         18.468           0.693            0.000            0.045           18.504
         18.518           0.692            0.000            0.045           18.554
         18.568           0.691            0.000            0.045           18.604
         18.618           0.690            0.000            0.045           18.654
         18.668           0.688            0.000            0.045           18.704
         18.718           0.687            0.000            0.045           18.754
         18.768           0.686            0.000            0.045           18.804
         18.818           0.685            0.000            0.045           18.854
         18.868           0.684            0.000            0.045           18.904
         18.918           0.683            0.000            0.045           18.954
         18.968           0.682            0.000            0.045           19.004
         19.018           0.681            0.000            0.045           19.054
         19.068           0.680            0.000            0.045           19.104
         19.118           0.679            0.000            0.045           19.154
         19.168           0.678            0.000            0.046           19.204
         19.218           0.677            0.000            0.046           19.254
         19.269           0.676            0.000            0.046           19.305
         19.319           0.675            0.000            0.046           19.355
         19.369           0.674            0.000            0.046           19.405
         19.419           0.673            0.000            0.046           19.455
         19.469           0.672            0.000            0.046           19.505
         19.519           0.671            0.000            0.046           19.555
         19.569           0.670            0.000            0.046           19.605
         19.619           0.669            0.000            0.046           19.655
         19.669           0.668            0.000            0.046           19.705
         19.719           0.667            0.000            0.046           19.755
         19.769           0.665            0.000            0.046           19.805
         19.819           0.664            0.000            0.046           19.855
         19.869           0.663            0.000            0.046           19.905
         19.919           0.662            0.000            0.046           19.955
         19.969           0.661            0.000            0.045           20.005
         20.019           0.660            0.000            0.045           20.055
         20.069           0.659            0.000            0.046           20.105
         20.119           0.658            0.000            0.046           20.155
         20.169           0.658            0.000            0.046           20.205
         20.219           0.657            0.000            0.046           20.255
         20.269           0.656            0.000            0.047           20.305
         20.319           0.655            0.000            0.047           20.356
         20.370           0.654            0.000            0.047           20.406
         20.420           0.653            0.000            0.047           20.456
         20.470           0.652            0.000            0.046           20.506
         20.520           0.650            0.000            0.046           20.556
         20.570           0.649            0.000            0.045           20.606
         20.620           0.647            0.000            0.045           20.656
         20.670           0.646            0.000            0.044           20.706
         20.720           0.645            0.000            0.044           20.756
         20.770           0.644            0.000            0.044           20.806
         20.820           0.643            0.000            0.044           20.856
         20.870           0.642            0.000            0.044           20.906
         20.920           0.642            0.000            0.045           20.956
         20.970           0.641            0.000            0.045           21.006
         21.020           0.640            0.000            0.045           21.056
         21.070           0.639            0.000            0.045           21.106
         21.120           0.638            0.000            0.045           21.157
         21.170           0.637            0.000            0.045           21.207
         21.220           0.636            0.000            0.044           21.257
         21.270           0.635            0.000            0.044           21.307
         21.320           0.634            0.000            0.044           21.357
         21.370           0.633            0.000            0.044           21.407
         21.421           0.632            0.000            0.043           21.457
         21.471           0.630            0.000            0.043           21.507
         21.521           0.629            0.000            0.043           21.557
         21.571           0.628            0.000            0.043           21.607
         21.621           0.627            0.000            0.042           21.657
         21.671           0.626            0.000            0.042           21.707
         21.721           0.625            0.000            0.042           21.757
         21.771           0.624            0.000            0.042           21.807
         21.821           0.623            0.000            0.042           21.857
         21.871           0.622            0.000            0.042           21.907
         21.921           0.621            0.000            0.042           21.957
         21.971           0.621            0.000            0.042           22.007
         22.021           0.620            0.000            0.042           22.057
         22.071           0.619            0.000            0.042           22.107
         22.121           0.618            0.000            0.041           22.158
         22.171           0.617            0.000            0.041           22.208
         22.221           0.616            0.000            0.041           22.258
         22.271           0.615            0.000            0.041           22.308
         22.321           0.614            0.000            0.040           22.358
         22.371           0.612            0.000            0.040           22.408
         22.421           0.611            0.000            0.039           22.458
         22.471           0.610            0.000            0.039           22.508
         22.521           0.609            0.000            0.039           22.558
         22.571           0.608            0.000            0.039           22.608
         22.621           0.608            0.000            0.039           22.658
         22.671           0.607            0.000            0.039           22.708
         22.721           0.607            0.000            0.040           22.758
         22.771           0.607            0.000            0.040           22.807
         22.821           0.607            0.000            0.041           22.858
         22.871           0.607            0.000            0.042           22.908
         22.921           0.607            0.000            0.042           22.958
         22.971           0.606            0.000            0.043           23.008
         23.022           0.606            0.000            0.043           23.058
         23.072           0.605            0.000            0.043           23.109
         23.122           0.604            0.000            0.042           23.159
         23.172           0.603            0.000            0.042           23.209
         23.222           0.602            0.000            0.041           23.259
         23.272           0.601            0.000            0.041           23.309
         23.322           0.600            0.000            0.041           23.359
         23.372           0.599            0.000            0.041           23.408
         23.422           0.599            0.000            0.041           23.458
         23.471           0.599            0.000            0.042           23.508
         23.521           0.599            0.000            0.043           23.558
         23.571           0.600            0.000            0.044           23.608
         23.621           0.600            0.000            0.045           23.658
         23.672           0.600            0.000            0.046           23.708
         23.722           0.600            0.000            0.047           23.759
         23.772           0.600            0.000            0.047           23.809
         23.823           0.599            0.000            0.046           23.860
         23.873           0.598            0.000            0.046           23.910
         23.923           0.596            0.000            0.045           23.960
         23.973           0.595            0.000            0.044           24.010
         24.023           0.593            0.000            0.043           24.060
         24.073           0.592            0.000            0.043           24.110
         24.123           0.591            0.000            0.042           24.160
         24.172           0.591            0.000            0.042           24.209
         24.222           0.590            0.000            0.043           24.259
         24.272           0.590            0.000            0.043           24.309
         24.322           0.590            0.000            0.044           24.359
         24.372           0.590            0.000            0.045           24.409
         24.422           0.590            0.000            0.045           24.459
         24.473           0.590            0.000            0.045           24.510
         24.523           0.590            0.000            0.045           24.560
         24.573           0.589            0.000            0.045           24.610
         24.624           0.587            0.000            0.044           24.661
         24.674           0.586            0.000            0.044           24.711
         24.724           0.584            0.000            0.042           24.761
         24.774           0.583            0.000            0.041           24.811
         24.824           0.581            0.000            0.040           24.861
         24.874           0.580            0.000            0.040           24.911
         24.923           0.579            0.000            0.039           24.960
         24.973           0.579            0.000            0.039           25.010
         25.023           0.578            0.000            0.040           25.060
         25.073           0.578            0.000            0.040           25.110
         25.123           0.579            0.000            0.041           25.160
         25.173           0.579            0.000            0.042           25.210
         25.223           0.579            0.000            0.042           25.260
         25.274           0.578            0.000            0.042           25.311
         25.324           0.577            0.000            0.042           25.361
         25.374           0.576            0.000            0.041           25.411
         25.424           0.575            0.000            0.040           25.461
         25.474           0.573            0.000            0.039           25.511
         25.524           0.572            0.000            0.039           25.561
         25.574           0.571            0.000            0.038           25.611
         25.624           0.571            0.000            0.038           25.661
         25.674           0.570            0.000            0.038           25.711
         25.723           0.570            0.000            0.039           25.760
         25.773           0.571            0.000            0.039           25.810
         25.823           0.571            0.000            0.040           25.860
         25.873           0.572            0.000            0.042           25.910
         25.923           0.572            0.000            0.042           25.961
         25.974           0.572            0.000            0.043           26.011
         26.024           0.572            0.000            0.043           26.061
         26.075           0.571            0.000            0.042           26.112
         26.125           0.570            0.000            0.042           26.162
         26.175           0.568            0.000            0.041           26.212
         26.225           0.567            0.000            0.039           26.262
         26.275           0.566            0.000            0.039           26.312
         26.324           0.565            0.000            0.038           26.362
         26.374           0.565            0.000            0.038           26.411
         26.424           0.565            0.000            0.039           26.461
         26.474           0.565            0.000            0.040           26.511
         26.524           0.565            0.000            0.040           26.561
         26.574           0.566            0.000            0.041           26.611
         26.624           0.566            0.000            0.042           26.661
         26.675           0.566            0.000            0.042           26.712
         26.725           0.566            0.000            0.042           26.762
         26.775           0.565            0.000            0.042           26.812
         26.825           0.564            0.000            0.041           26.863
         26.876           0.563            0.000            0.041           26.913
         26.925           0.562            0.000            0.040           26.963
         26.975           0.561            0.000            0.039           27.013
         27.025           0.560            0.000            0.039           27.062
         27.075           0.559            0.000            0.039           27.112
         27.125           0.559            0.000            0.039           27.162
         27.175           0.559            0.000            0.039           27.212
         27.225           0.559            0.000            0.040           27.262
         27.275           0.560            0.000            0.040           27.312
         27.325           0.560            0.000            0.041           27.362
         27.375           0.560            0.000            0.041           27.412
         27.425           0.559            0.000            0.041           27.463
         27.476           0.559            0.000            0.041           27.513
         27.526           0.558            0.000            0.040           27.563
         27.576           0.557            0.000            0.040           27.613
         27.626           0.557            0.000            0.039           27.663
         27.676           0.556            0.000            0.039           27.713
         27.726           0.555            0.000            0.039           27.763
         27.776           0.555            0.000            0.038           27.813
         27.826           0.554            0.000            0.038           27.863
         27.876           0.554            0.000            0.038           27.913
         27.926           0.554            0.000            0.038           27.963
         27.976           0.553            0.000            0.038           28.013
         28.026           0.553            0.000            0.038           28.063
         28.076           0.553            0.000            0.038           28.113
         28.126           0.552            0.000            0.038           28.163
         28.176           0.552            0.000            0.038           28.213
         28.226           0.551            0.000            0.037           28.264
         28.276           0.551            0.000            0.037           28.314
         28.326           0.550            0.000            0.037           28.364
         28.376           0.549            0.000            0.037           28.414
         28.426           0.549            0.000            0.036           28.464
         28.476           0.548            0.000            0.036           28.514
         28.526           0.548            0.000            0.036           28.564
         28.576           0.547            0.000            0.035           28.614
         28.626           0.547            0.000            0.035           28.664
         28.676           0.547            0.000            0.035           28.714
         28.726           0.547            0.000            0.036           28.764
         28.776           0.547            0.000            0.036           28.814
         28.826           0.547            0.000            0.036           28.864
         28.877           0.546            0.000            0.036           28.914
         28.927           0.546            0.000            0.036           28.964
         28.977           0.545            0.000            0.035           29.014
         29.027           0.545            0.000            0.035           29.064
         29.077           0.544            0.000            0.034           29.114
         29.127           0.543            0.000            0.034           29.164
         29.177           0.543            0.000            0.034           29.214
         29.227           0.542            0.000            0.033           29.264
         29.277           0.542            0.000            0.033           29.314
         29.327           0.542            0.000            0.034           29.364
         29.377           0.542            0.000            0.034           29.414
         29.427           0.542            0.000            0.034           29.464
         29.477           0.542            0.000            0.034           29.514
         29.527           0.542            0.000            0.034           29.564
         29.577           0.542            0.000            0.034           29.615
         29.627           0.541            0.000            0.034           29.665
         29.677           0.541            0.000            0.034           29.715
         29.728           0.540            0.000            0.033           29.765
         29.778           0.540            0.000            0.033           29.815
         29.827           0.539            0.000            0.033           29.865
         29.877           0.539            0.000            0.032           29.915
         29.927           0.539            0.000            0.032           29.965
         29.977           0.539            0.000            0.033           30.015
         30.027           0.539            0.000            0.033           30.065
         30.077           0.539            0.000            0.033           30.115
         30.127           0.540            0.000            0.034           30.165
         30.178           0.540            0.000            0.034           30.215
         30.228           0.540            0.000            0.034           30.265
         30.278           0.540            0.000            0.034           30.315
         30.328           0.539            0.000            0.034           30.365
         30.378           0.539            0.000            0.034           30.415
         30.428           0.539            0.000            0.034           30.465
         30.478           0.538            0.000            0.033           30.515
         30.528           0.538            0.000            0.033           30.565
         30.578           0.538            0.000            0.033           30.615
         30.628           0.538            0.000            0.034           30.665
         30.678           0.538            0.000            0.034           30.715
         30.728           0.538            0.000            0.034           30.765
         30.778           0.538            0.000            0.034           30.815
         30.828           0.538            0.000            0.034           30.866
         30.878           0.538            0.000            0.034           30.916
         30.928           0.538            0.000            0.034           30.966
         30.979           0.538            0.000            0.034           31.016
         31.029           0.537            0.000            0.034           31.066
         31.079           0.537            0.000            0.033           31.116
         31.129           0.536            0.000            0.033           31.166
         31.179           0.536            0.000            0.033           31.216
         31.228           0.536            0.000            0.033           31.266
         31.278           0.536            0.000            0.033           31.316
         31.328           0.536            0.000            0.034           31.366
         31.379           0.537            0.000            0.034           31.416
         31.429           0.537            0.000            0.034           31.466
         31.479           0.537            0.000            0.034           31.516
         31.529           0.536            0.000            0.034           31.566
         31.579           0.536            0.000            0.034           31.617
         31.629           0.535            0.000            0.033           31.667
         31.679           0.535            0.000            0.033           31.717
         31.729           0.534            0.000            0.032           31.767
         31.779           0.534            0.000            0.032           31.817
         31.829           0.534            0.000            0.032           31.867
         31.879           0.534            0.000            0.032           31.917
         31.929           0.534            0.000            0.032           31.967
         31.979           0.534            0.000            0.032           32.017
         32.029           0.534            0.000            0.032           32.067
         32.079           0.534            0.000            0.032           32.117
         32.129           0.534            0.000            0.032           32.167
         32.180           0.534            0.000            0.032           32.217
         32.230           0.533            0.000            0.032           32.267
         32.280           0.533            0.000            0.032           32.317
         32.330           0.532            0.000            0.031           32.367
         32.380           0.532            0.000            0.031           32.417
         32.430           0.532            0.000            0.031           32.467
         32.480           0.532            0.000            0.031           32.517
         32.530           0.532            0.000            0.031           32.567
         32.580           0.532            0.000            0.031           32.617
         32.630           0.533            0.000            0.032           32.667
         32.680           0.533            0.000            0.032           32.717
         32.730           0.533            0.000            0.032           32.767
         32.780           0.533            0.000            0.032           32.818
         32.830           0.533            0.000            0.032           32.868
         32.880           0.532            0.000            0.032           32.918
         32.930           0.532            0.000            0.031           32.968
         32.980           0.531            0.000            0.031           33.018
         33.030           0.531            0.000            0.031           33.068
         33.080           0.532            0.000            0.031           33.117
         33.130           0.532            0.000            0.031           33.167
         33.180           0.533            0.000            0.032           33.217
         33.230           0.533            0.000            0.033           33.267
         33.280           0.534            0.000            0.034           33.318
         33.330           0.534            0.000            0.034           33.368
         33.381           0.534            0.000            0.034           33.418
         33.431           0.534            0.000            0.033           33.469
         33.481           0.533            0.000            0.032           33.519
         33.531           0.532            0.000            0.031           33.569
         33.581           0.531            0.000            0.031           33.618
         33.631           0.531            0.000            0.030           33.668
         33.681           0.531            0.000            0.030           33.718
         33.730           0.531            0.000            0.031           33.768
         33.780           0.532            0.000            0.031           33.818
         33.830           0.532            0.000            0.032           33.868
         33.881           0.533            0.000            0.033           33.918
         33.931           0.533            0.000            0.033           33.968
         33.981           0.533            0.000            0.033           34.019
         34.031           0.533            0.000            0.033           34.069
         34.082           0.532            0.000            0.032           34.119
         34.132           0.531            0.000            0.031           34.169
         34.182           0.531            0.000            0.031           34.219
         34.231           0.530            0.000            0.030           34.269
         34.281           0.530            0.000            0.030           34.319
         34.331           0.530            0.000            0.030           34.369
         34.381           0.531            0.000            0.031           34.419
         34.431           0.531            0.000            0.031           34.469
         34.481           0.531            0.000            0.031           34.519
         34.531           0.531            0.000            0.031           34.569
         34.582           0.531            0.000            0.031           34.619
         34.632           0.531            0.000            0.031           34.669
         34.682           0.531            0.000            0.031           34.719
         34.732           0.530            0.000            0.030           34.770
         34.782           0.530            0.000            0.030           34.820
         34.832           0.530            0.000            0.030           34.869
         34.882           0.529            0.000            0.029           34.919
         34.932           0.529            0.000            0.029           34.969
         34.982           0.529            0.000            0.029           35.019
         35.032           0.529            0.000            0.029           35.069
         35.082           0.529            0.000            0.029           35.120
         35.132           0.530            0.000            0.030           35.170
         35.182           0.530            0.000            0.030           35.220
         35.232           0.530            0.000            0.030           35.270
         35.282           0.529            0.000            0.030           35.320
         35.332           0.529            0.000            0.029           35.370
         35.382           0.529            0.000            0.029           35.420
         35.432           0.529            0.000            0.029           35.470
         35.482           0.529            0.000            0.029           35.520
         35.532           0.529            0.000            0.029           35.570
         35.582           0.529            0.000            0.029           35.620
         35.632           0.529            0.000            0.029           35.670
         35.683           0.529            0.000            0.029           35.720
         35.733           0.529            0.000            0.030           35.770
         35.783           0.530            0.000            0.030           35.820
         35.833           0.530            0.000            0.030           35.870
         35.883           0.530            0.000            0.030           35.920
         35.933           0.530            0.000            0.030           35.970
         35.983           0.530            0.000            0.030           36.020
         36.033           0.530            0.000            0.030           36.071
         36.083           0.530            0.000            0.030           36.121
         36.133           0.529            0.000            0.030           36.171
         36.183           0.529            0.000            0.030           36.221
         36.233           0.529            0.000            0.029           36.271
         36.283           0.529            0.000            0.030           36.321
         36.333           0.529            0.000            0.030           36.371
         36.383           0.530            0.000            0.030           36.421
         36.433           0.530            0.000            0.030           36.471
         36.483           0.530            0.000            0.030           36.521
         36.533           0.530            0.000            0.030           36.571
         36.584           0.530            0.000            0.030           36.621
         36.634           0.530            0.000            0.030           36.671
         36.684           0.529            0.000            0.030           36.721
         36.734           0.529            0.000            0.030           36.771
         36.784           0.529            0.000            0.029           36.821
         36.834           0.529            0.000            0.029           36.871
         36.884           0.529            0.000            0.029           36.921
         36.934           0.529            0.000            0.030           36.971
         36.984           0.529            0.000            0.030           37.021
         37.034           0.529            0.000            0.030           37.071
         37.084           0.529            0.000            0.030           37.121
         37.134           0.529            0.000            0.030           37.172
         37.184           0.529            0.000            0.030           37.222
         37.234           0.529            0.000            0.029           37.272
         37.284           0.529            0.000            0.029           37.322
         37.334           0.529            0.000            0.029           37.372
         37.384           0.529            0.000            0.029           37.422
         37.434           0.529            0.000            0.029           37.472
         37.484           0.529            0.000            0.029           37.522
         37.534           0.529            0.000            0.030           37.572
         37.584           0.529            0.000            0.030           37.622
         37.634           0.529            0.000            0.030           37.672
         37.685           0.529            0.000            0.029           37.722
         37.735           0.529            0.000            0.029           37.772
         37.785           0.529            0.000            0.029           37.822
         37.835           0.528            0.000            0.029           37.872
         37.885           0.529            0.000            0.029           37.922
         37.935           0.529            0.000            0.029           37.972
         37.985           0.529            0.000            0.029           38.022
         38.035           0.529            0.000            0.029           38.072
         38.085           0.529            0.000            0.029           38.122
         38.135           0.529            0.000            0.029           38.173
         38.185           0.528            0.000            0.029           38.223
         38.235           0.528            0.000            0.028           38.273
         38.285           0.528            0.000            0.028           38.323
         38.335           0.527            0.000            0.028           38.373
         38.385           0.527            0.000            0.028           38.423
         38.435           0.527            0.000            0.028           38.473
         38.485           0.528            0.000            0.028           38.523
         38.535           0.528            0.000            0.028           38.573
         38.585           0.528            0.000            0.028           38.623
         38.635           0.528            0.000            0.028           38.673
         38.685           0.528            0.000            0.028           38.723
         38.735           0.528            0.000            0.028           38.773
         38.785           0.528            0.000            0.028           38.823
         38.836           0.528            0.000            0.028           38.873
         38.886           0.528            0.000            0.028           38.923
         38.936           0.528            0.000            0.028           38.973
         38.986           0.527            0.000            0.028           39.023
         39.036           0.527            0.000            0.028           39.073
         39.086           0.527            0.000            0.027           39.123
         39.136           0.527            0.000            0.027           39.173
         39.186           0.527            0.000            0.027           39.223
         39.236           0.527            0.000            0.027           39.273
         39.286           0.527            0.000            0.027           39.323
         39.336           0.527            0.000            0.027           39.374
         39.386           0.527            0.000            0.027           39.424
         39.436           0.526            0.000            0.027           39.474
         39.486           0.526            0.000            0.027           39.524
         39.536           0.526            0.000            0.027           39.574
         39.586           0.526            0.000            0.026           39.624
         39.636           0.526            0.000            0.026           39.674
         39.686           0.526            0.000            0.026           39.724
         39.736           0.526            0.000            0.026           39.774
         39.786           0.526            0.000            0.026           39.824
         39.836           0.525            0.000            0.026           39.874
         39.887           0.525            0.000            0.026           39.924
         39.937           0.525            0.000            0.026           39.974
         39.987           0.525            0.000            0.025           40.024
         40.037           0.525            0.000            0.025           40.074
         40.087           0.525            0.000            0.025           40.124
         40.137           0.524            0.000            0.025           40.174
         40.187           0.524            0.000            0.025           40.224
         40.237           0.524            0.000            0.024           40.274
         40.287           0.524            0.000            0.024           40.324
         40.337           0.524            0.000            0.024           40.374
         40.387           0.523            0.000            0.024           40.425
         40.437           0.523            0.000            0.024           40.475
         40.487           0.523            0.000            0.024           40.525
         40.537           0.523            0.000            0.024           40.575
         40.587           0.523            0.000            0.023           40.625
         40.637           0.522            0.000            0.023           40.675
         40.687           0.522            0.000            0.023           40.725
         40.737           0.522            0.000            0.023           40.775
         40.787           0.521            0.000            0.022           40.825
         40.837           0.521            0.000            0.022           40.875
         40.887           0.521            0.000            0.022           40.925
         40.937           0.521            0.000            0.022           40.975
         40.988           0.520            0.000            0.022           41.025
         41.038           0.520            0.000            0.022           41.075
         41.088           0.520            0.000            0.022           41.125
         41.138           0.520            0.000            0.022           41.175
         41.188           0.519            0.000            0.022           41.225
         41.238           0.519            0.000            0.022           41.275
         41.288           0.519            0.000            0.022           41.325
         41.338           0.519            0.000            0.023           41.375
         41.388           0.519            0.000            0.023           41.425
         41.438           0.519            0.000            0.023           41.475
         41.488           0.519            0.000            0.024           41.525
         41.538           0.520            0.000            0.024           41.575
         41.588           0.520            0.000            0.025           41.626
         41.638           0.520            0.000            0.025           41.676
         41.688           0.520            0.000            0.026           41.726
         41.738           0.520            0.000            0.026           41.776
         41.788           0.520            0.000            0.026           41.826
         41.838           0.519            0.000            0.027           41.876
         41.888           0.519            0.000            0.027           41.926
         41.938           0.519            0.000            0.027           41.976
         41.988           0.519            0.000            0.028           42.026
         42.038           0.519            0.000            0.028           42.076
         42.088           0.519            0.000            0.028           42.126
         42.139           0.519            0.000            0.029           42.176
         42.189           0.519            0.000            0.029           42.226
         42.239           0.519            0.000            0.030           42.276
         42.289           0.518            0.000            0.030           42.326
         42.339           0.518            0.000            0.030           42.376
         42.389           0.518            0.000            0.031           42.426
         42.439           0.518            0.000            0.031           42.477
         42.489           0.517            0.000            0.032           42.527
         42.539           0.517            0.000            0.032           42.577
         42.589           0.517            0.000            0.032           42.627
         42.639           0.516            0.000            0.032           42.677
         42.689           0.516            0.000            0.033           42.727
         42.739           0.515            0.000            0.033           42.777
         42.789           0.515            0.000            0.033           42.827
         42.839           0.514            0.000            0.033           42.877
         42.889           0.514            0.000            0.034           42.927
         42.939           0.514            0.000            0.034           42.977
         42.989           0.513            0.000            0.035           43.027
         43.040           0.513            0.000            0.035           43.077
         43.090           0.513            0.000            0.035           43.127
         43.140           0.512            0.000            0.036           43.177
         43.190           0.511            0.000            0.036           43.228
         43.240           0.511            0.000            0.036           43.278
         43.290           0.510            0.000            0.036           43.328
         43.340           0.509            0.000            0.036           43.378
         43.390           0.508            0.000            0.036           43.428
         43.440           0.508            0.000            0.036           43.478
         43.490           0.507            0.000            0.037           43.528
         43.540           0.506            0.000            0.037           43.578
         43.590           0.506            0.000            0.037           43.628
         43.640           0.505            0.000            0.037           43.678
         43.690           0.504            0.000            0.038           43.728
         43.741           0.504            0.000            0.038           43.778
         43.791           0.503            0.000            0.038           43.828
         43.841           0.502            0.000            0.038           43.878
         43.891           0.501            0.000            0.038           43.928
         43.941           0.500            0.000            0.039           43.978
         43.991           0.499            0.000            0.039           44.028
         44.041           0.499            0.000            0.039           44.078
         44.091           0.498            0.000            0.040           44.129
         44.141           0.497            0.000            0.040           44.179
         44.191           0.496            0.000            0.040           44.229
         44.241           0.495            0.000            0.040           44.279
         44.291           0.494            0.000            0.041           44.329
         44.341           0.494            0.000            0.041           44.379
         44.391           0.493            0.000            0.041           44.429
         44.441           0.492            0.000            0.041           44.479
         44.491           0.491            0.000            0.042           44.529
         44.541           0.490            0.000            0.042           44.579
         44.592           0.489            0.000            0.042           44.629
         44.642           0.488            0.000            0.042           44.679
         44.692           0.487            0.000            0.043           44.730
         44.742           0.486            0.000            0.043           44.780
         44.792           0.485            0.000            0.043           44.830
         44.842           0.484            0.000            0.043           44.880
         44.892           0.483            0.000            0.043           44.930
         44.942           0.481            0.000            0.044           44.980
         44.992           0.480            0.000            0.044           45.030
         45.042           0.479            0.000            0.044           45.080
         45.092           0.478            0.000            0.045           45.130
         45.142           0.477            0.000            0.045           45.180
         45.192           0.476            0.000            0.045           45.230
         45.242           0.475            0.000            0.045           45.280
         45.292           0.473            0.000            0.045           45.330
         45.342           0.472            0.000            0.046           45.380
         45.393           0.471            0.000            0.046           45.431
         45.443           0.470            0.000            0.046           45.481
         45.493           0.469            0.000            0.047           45.531
         45.543           0.468            0.000            0.047           45.581
         45.593           0.467            0.000            0.047           45.631
         45.643           0.465            0.000            0.048           45.681
         45.693           0.464            0.000            0.048           45.731
         45.743           0.463            0.000            0.049           45.781
         45.793           0.462            0.000            0.049           45.831
         45.843           0.461            0.000            0.050           45.881
         45.893           0.460            0.000            0.050           45.931
         45.943           0.458            0.000            0.050           45.981
         45.993           0.457            0.000            0.051           46.031
         46.043           0.456            0.000            0.051           46.081
         46.093           0.455            0.000            0.052           46.131
         46.143           0.454            0.000            0.052           46.182
         46.193           0.452            0.000            0.053           46.232
         46.244           0.451            0.000            0.053           46.282
         46.294           0.450            0.000            0.054           46.332
         46.344           0.448            0.000            0.054           46.382
         46.394           0.447            0.000            0.054           46.432
         46.444           0.446            0.000            0.055           46.482
         46.494           0.444            0.000            0.055           46.532
         46.544           0.443            0.000            0.056           46.582
         46.594           0.442            0.000            0.056           46.633
         46.644           0.440            0.000            0.056           46.683
         46.694           0.439            0.000            0.057           46.733
         46.745           0.437            0.000            0.057           46.783
         46.795           0.435            0.000            0.057           46.833
         46.845           0.434            0.000            0.057           46.883
         46.895           0.432            0.000            0.058           46.933
         46.945           0.430            0.000            0.058           46.983
         46.995           0.429            0.000            0.058           47.033
         47.045           0.427            0.000            0.058           47.084
         47.095           0.425            0.000            0.059           47.134
         47.145           0.424            0.000            0.059           47.184
         47.195           0.422            0.000            0.059           47.234
         47.245           0.420            0.000            0.059           47.284
         47.296           0.418            0.000            0.059           47.334
         47.346           0.416            0.000            0.059           47.384
         47.396           0.414            0.000            0.059           47.434
         47.446           0.412            0.000            0.059           47.484
         47.496           0.410            0.000            0.059           47.534
         47.546           0.408            0.000            0.060           47.584
         47.596           0.407            0.000            0.060           47.635
         47.646           0.405            0.000            0.060           47.685
         47.696           0.403            0.000            0.060           47.735
         47.746           0.401            0.000            0.060           47.785
         47.797           0.398            0.000            0.060           47.836
         47.847           0.396            0.000            0.060           47.886
         47.897           0.393            0.000            0.060           47.936
         47.947           0.391            0.000            0.059           47.986
         47.997           0.388            0.000            0.059           48.036
         48.047           0.386            0.000            0.059           48.086
         48.097           0.384            0.000            0.059           48.136
         48.147           0.381            0.000            0.059           48.186
         48.197           0.379            0.000            0.059           48.236
         48.247           0.377            0.000            0.059           48.286
         48.297           0.374            0.000            0.059           48.337
         48.347           0.372            0.000            0.059           48.387
         48.397           0.370            0.000            0.059           48.437
         48.447           0.367            0.000            0.059           48.487
         48.497           0.365            0.000            0.059           48.537
         48.547           0.363            0.000            0.059           48.587
         48.597           0.360            0.000            0.059           48.637
         48.647           0.358            0.000            0.059           48.687
         48.697           0.356            0.000            0.059           48.738
         48.747           0.353            0.000            0.059           48.788
         48.797           0.351            0.000            0.059           48.838
         48.847           0.348            0.000            0.059           48.888
         48.897           0.346            0.000            0.059           48.938
         48.947           0.343            0.000            0.059           48.988
         48.998           0.341            0.000            0.059           49.038
         49.048           0.339            0.000            0.059           49.088
         49.098           0.336            0.000            0.059           49.138
         49.148           0.333            0.000            0.059           49.189
         49.198           0.331            0.000            0.059           49.239
         49.248           0.328            0.000            0.059           49.289
         49.298           0.325            0.000            0.059           49.339
         49.348           0.322            0.000            0.058           49.389
         49.398           0.319            0.000            0.058           49.440
         49.448           0.317            0.000            0.058           49.490
         49.499           0.314            0.000            0.058           49.540
         49.549           0.310            0.000            0.057           49.591
         49.599           0.307            0.000            0.056           49.640
         49.647           0.305            0.000            0.057           49.689
         49.705           0.300            0.000            0.055           49.746
         49.760           0.285            0.000            0.043           49.804
         49.807           0.267            0.000            0.027           49.854
