           X               Y                Z                A                C
          0.094           1.699            0.000           -0.026            0.051
          0.144           1.688            0.000           -0.026            0.103
          0.194           1.677            0.000           -0.027            0.154
          0.244           1.666            0.000           -0.027            0.205
          0.294           1.654            0.000           -0.028            0.256
          0.344           1.643            0.000           -0.030            0.307
          0.394           1.632            0.000           -0.031            0.358
          0.444           1.622            0.000           -0.032            0.409
          0.494           1.612            0.000           -0.032            0.461
          0.544           1.602            0.000           -0.033            0.512
          0.595           1.593            0.000           -0.033            0.563
          0.645           1.585            0.000           -0.032            0.614
          0.695           1.577            0.000           -0.032            0.665
          0.746           1.569            0.000           -0.031            0.716
          0.796           1.561            0.000           -0.030            0.767
          0.846           1.554            0.000           -0.030            0.817
          0.896           1.546            0.000           -0.030            0.868
          0.946           1.539            0.000           -0.029            0.919
          0.997           1.532            0.000           -0.029            0.969
          1.047           1.525            0.000           -0.028            1.020
          1.097           1.519            0.000           -0.027            1.071
          1.148           1.514            0.000           -0.026            1.122
          1.198           1.508            0.000           -0.024            1.172
          1.249           1.504            0.000           -0.023            1.223
          1.299           1.499            0.000           -0.021            1.273
          1.349           1.495            0.000           -0.019            1.324
          1.399           1.491            0.000           -0.017            1.374
          1.449           1.487            0.000           -0.015            1.425
          1.500           1.483            0.000           -0.014            1.475
          1.550           1.479            0.000           -0.013            1.525
          1.600           1.475            0.000           -0.011            1.575
          1.650           1.472            0.000           -0.010            1.626
          1.700           1.469            0.000           -0.009            1.676
          1.750           1.466            0.000           -0.007            1.726
          1.801           1.464            0.000           -0.006            1.776
          1.851           1.462            0.000           -0.004            1.827
          1.901           1.460            0.000           -0.002            1.877
          1.951           1.459            0.000           -0.001            1.927
          2.001           1.457            0.000            0.001            1.977
          2.051           1.455            0.000            0.002            2.027
          2.101           1.453            0.000            0.004            2.077
          2.151           1.451            0.000            0.005            2.127
          2.201           1.449            0.000            0.006            2.177
          2.251           1.447            0.000            0.008            2.228
          2.301           1.445            0.000            0.009            2.278
          2.351           1.444            0.000            0.011            2.328
          2.401           1.442            0.000            0.013            2.378
          2.451           1.441            0.000            0.015            2.428
          2.501           1.440            0.000            0.017            2.478
          2.552           1.439            0.000            0.019            2.528
          2.602           1.438            0.000            0.022            2.578
          2.652           1.436            0.000            0.024            2.628
          2.702           1.435            0.000            0.026            2.678
          2.752           1.434            0.000            0.027            2.728
          2.802           1.432            0.000            0.029            2.779
          2.852           1.430            0.000            0.031            2.829
          2.902           1.429            0.000            0.033            2.879
          2.952           1.427            0.000            0.034            2.929
          3.002           1.426            0.000            0.036            2.979
          3.053           1.424            0.000            0.038            3.029
          3.103           1.422            0.000            0.039            3.079
          3.153           1.421            0.000            0.041            3.129
          3.203           1.419            0.000            0.042            3.180
          3.253           1.417            0.000            0.044            3.230
          3.303           1.415            0.000            0.045            3.280
          3.353           1.414            0.000            0.047            3.330
          3.403           1.412            0.000            0.048            3.380
          3.453           1.410            0.000            0.050            3.430
          3.503           1.408            0.000            0.051            3.480
          3.554           1.406            0.000            0.052            3.530
          3.604           1.404            0.000            0.054            3.581
          3.654           1.402            0.000            0.055            3.631
          3.704           1.400            0.000            0.056            3.681
          3.754           1.398            0.000            0.057            3.731
          3.804           1.395            0.000            0.057            3.782
          3.855           1.393            0.000            0.058            3.832
          3.905           1.390            0.000            0.059            3.882
          3.955           1.388            0.000            0.059            3.932
          4.005           1.385            0.000            0.060            3.982
          4.055           1.383            0.000            0.061            4.032
          4.105           1.380            0.000            0.062            4.082
          4.155           1.378            0.000            0.062            4.132
          4.205           1.376            0.000            0.063            4.183
          4.255           1.373            0.000            0.064            4.233
          4.305           1.370            0.000            0.064            4.283
          4.355           1.368            0.000            0.065            4.333
          4.406           1.365            0.000            0.065            4.384
          4.456           1.362            0.000            0.065            4.434
          4.506           1.359            0.000            0.065            4.484
          4.556           1.356            0.000            0.065            4.534
          4.606           1.353            0.000            0.066            4.584
          4.656           1.350            0.000            0.066            4.634
          4.706           1.347            0.000            0.066            4.684
          4.756           1.344            0.000            0.066            4.734
          4.806           1.342            0.000            0.067            4.784
          4.856           1.339            0.000            0.067            4.834
          4.906           1.336            0.000            0.067            4.884
          4.956           1.334            0.000            0.068            4.934
          5.006           1.331            0.000            0.068            4.985
          5.056           1.328            0.000            0.069            5.035
          5.106           1.326            0.000            0.069            5.085
          5.156           1.323            0.000            0.069            5.135
          5.206           1.320            0.000            0.069            5.186
          5.256           1.317            0.000            0.069            5.236
          5.306           1.314            0.000            0.069            5.286
          5.356           1.311            0.000            0.069            5.336
          5.406           1.308            0.000            0.070            5.386
          5.456           1.306            0.000            0.070            5.436
          5.506           1.303            0.000            0.070            5.486
          5.556           1.301            0.000            0.071            5.536
          5.606           1.298            0.000            0.071            5.586
          5.656           1.296            0.000            0.072            5.636
          5.706           1.293            0.000            0.072            5.686
          5.757           1.290            0.000            0.072            5.737
          5.807           1.287            0.000            0.072            5.787
          5.857           1.284            0.000            0.072            5.837
          5.907           1.281            0.000            0.072            5.887
          5.957           1.278            0.000            0.072            5.937
          6.007           1.275            0.000            0.072            5.987
          6.057           1.272            0.000            0.072            6.037
          6.107           1.270            0.000            0.072            6.087
          6.157           1.267            0.000            0.073            6.137
          6.207           1.264            0.000            0.073            6.188
          6.257           1.261            0.000            0.073            6.238
          6.307           1.258            0.000            0.073            6.288
          6.357           1.255            0.000            0.073            6.338
          6.407           1.252            0.000            0.073            6.388
          6.457           1.249            0.000            0.072            6.438
          6.507           1.247            0.000            0.072            6.488
          6.557           1.244            0.000            0.072            6.538
          6.607           1.241            0.000            0.073            6.588
          6.657           1.238            0.000            0.073            6.638
          6.707           1.235            0.000            0.073            6.689
          6.757           1.233            0.000            0.073            6.739
          6.807           1.230            0.000            0.073            6.789
          6.857           1.227            0.000            0.073            6.839
          6.907           1.224            0.000            0.073            6.889
          6.957           1.222            0.000            0.073            6.939
          7.007           1.219            0.000            0.073            6.989
          7.057           1.217            0.000            0.074            7.039
          7.107           1.214            0.000            0.074            7.089
          7.157           1.211            0.000            0.074            7.139
          7.207           1.209            0.000            0.074            7.190
          7.258           1.206            0.000            0.074            7.240
          7.308           1.202            0.000            0.073            7.290
          7.358           1.199            0.000            0.073            7.340
          7.408           1.196            0.000            0.073            7.390
          7.457           1.193            0.000            0.072            7.440
          7.507           1.190            0.000            0.072            7.490
          7.557           1.188            0.000            0.072            7.540
          7.607           1.185            0.000            0.072            7.590
          7.657           1.183            0.000            0.073            7.640
          7.707           1.181            0.000            0.073            7.690
          7.757           1.178            0.000            0.073            7.740
          7.807           1.176            0.000            0.074            7.790
          7.857           1.173            0.000            0.074            7.840
          7.907           1.171            0.000            0.074            7.891
          7.958           1.168            0.000            0.074            7.941
          8.008           1.165            0.000            0.074            7.991
          8.058           1.162            0.000            0.074            8.041
          8.108           1.159            0.000            0.073            8.092
          8.158           1.156            0.000            0.073            8.142
          8.208           1.154            0.000            0.073            8.191
          8.257           1.151            0.000            0.073            8.241
          8.307           1.148            0.000            0.073            8.291
          8.357           1.146            0.000            0.073            8.341
          8.407           1.143            0.000            0.073            8.391
          8.457           1.141            0.000            0.073            8.441
          8.507           1.139            0.000            0.074            8.491
          8.557           1.137            0.000            0.074            8.541
          8.607           1.134            0.000            0.074            8.592
          8.658           1.132            0.000            0.074            8.642
          8.708           1.129            0.000            0.074            8.692
          8.758           1.126            0.000            0.074            8.743
          8.808           1.123            0.000            0.073            8.793
          8.858           1.120            0.000            0.073            8.843
          8.908           1.117            0.000            0.072            8.893
          8.958           1.115            0.000            0.072            8.943
          9.008           1.112            0.000            0.072            8.992
          9.057           1.109            0.000            0.072            9.042
          9.107           1.107            0.000            0.072            9.092
          9.157           1.105            0.000            0.073            9.142
          9.207           1.103            0.000            0.074            9.192
          9.257           1.101            0.000            0.074            9.242
          9.307           1.099            0.000            0.075            9.292
          9.358           1.097            0.000            0.075            9.343
          9.408           1.095            0.000            0.075            9.393
          9.459           1.092            0.000            0.074            9.444
          9.509           1.089            0.000            0.074            9.494
          9.559           1.086            0.000            0.073            9.544
          9.608           1.083            0.000            0.072            9.594
          9.658           1.080            0.000            0.072            9.644
          9.708           1.077            0.000            0.072            9.693
          9.757           1.075            0.000            0.072            9.743
          9.807           1.073            0.000            0.072            9.793
          9.857           1.071            0.000            0.073            9.843
          9.907           1.069            0.000            0.073            9.893
          9.957           1.067            0.000            0.074            9.943
         10.008           1.065            0.000            0.074            9.994
         10.058           1.063            0.000            0.074           10.044
         10.108           1.061            0.000            0.074           10.094
         10.158           1.058            0.000            0.074           10.144
         10.208           1.056            0.000            0.074           10.194
         10.258           1.053            0.000            0.074           10.245
         10.309           1.050            0.000            0.074           10.295
         10.359           1.048            0.000            0.073           10.345
         10.409           1.045            0.000            0.072           10.395
         10.458           1.042            0.000            0.072           10.445
         10.508           1.039            0.000            0.072           10.495
         10.558           1.037            0.000            0.072           10.544
         10.607           1.035            0.000            0.072           10.594
         10.657           1.033            0.000            0.073           10.644
         10.707           1.032            0.000            0.073           10.694
         10.757           1.030            0.000            0.074           10.744
         10.808           1.028            0.000            0.074           10.795
         10.858           1.026            0.000            0.074           10.845
         10.908           1.023            0.000            0.074           10.895
         10.958           1.021            0.000            0.074           10.945
         11.008           1.019            0.000            0.074           10.995
         11.058           1.016            0.000            0.074           11.046
         11.108           1.014            0.000            0.073           11.096
         11.158           1.011            0.000            0.073           11.146
         11.208           1.009            0.000            0.073           11.196
         11.258           1.007            0.000            0.073           11.246
         11.308           1.004            0.000            0.073           11.296
         11.358           1.002            0.000            0.073           11.345
         11.408           1.000            0.000            0.073           11.395
         11.458           0.998            0.000            0.073           11.445
         11.508           0.997            0.000            0.074           11.495
         11.558           0.995            0.000            0.074           11.545
         11.608           0.993            0.000            0.074           11.596
         11.658           0.991            0.000            0.075           11.646
         11.708           0.989            0.000            0.075           11.696
         11.759           0.987            0.000            0.074           11.746
         11.809           0.984            0.000            0.074           11.797
         11.859           0.982            0.000            0.074           11.847
         11.909           0.979            0.000            0.073           11.897
         11.959           0.977            0.000            0.073           11.947
         12.009           0.974            0.000            0.073           11.997
         12.059           0.972            0.000            0.072           12.047
         12.108           0.970            0.000            0.072           12.097
         12.158           0.968            0.000            0.072           12.146
         12.208           0.966            0.000            0.073           12.196
         12.258           0.964            0.000            0.073           12.246
         12.308           0.962            0.000            0.073           12.296
         12.358           0.960            0.000            0.073           12.347
         12.409           0.958            0.000            0.073           12.397
         12.459           0.956            0.000            0.073           12.447
         12.509           0.954            0.000            0.073           12.497
         12.559           0.951            0.000            0.072           12.548
         12.609           0.949            0.000            0.072           12.597
         12.659           0.947            0.000            0.072           12.647
         12.709           0.945            0.000            0.072           12.697
         12.759           0.942            0.000            0.071           12.747
         12.809           0.940            0.000            0.071           12.798
         12.859           0.938            0.000            0.071           12.848
         12.909           0.936            0.000            0.071           12.898
         12.959           0.934            0.000            0.071           12.948
         13.008           0.932            0.000            0.071           12.997
         13.058           0.930            0.000            0.071           13.047
         13.108           0.928            0.000            0.071           13.097
         13.158           0.926            0.000            0.071           13.147
         13.208           0.924            0.000            0.071           13.198
         13.259           0.922            0.000            0.071           13.248
         13.309           0.920            0.000            0.071           13.298
         13.359           0.918            0.000            0.071           13.348
         13.409           0.916            0.000            0.070           13.399
         13.459           0.913            0.000            0.069           13.449
         13.509           0.911            0.000            0.069           13.499
         13.559           0.908            0.000            0.068           13.549
         13.609           0.906            0.000            0.068           13.598
         13.659           0.904            0.000            0.068           13.648
         13.708           0.902            0.000            0.068           13.698
         13.759           0.900            0.000            0.068           13.748
         13.809           0.899            0.000            0.068           13.798
         13.859           0.897            0.000            0.068           13.849
         13.909           0.895            0.000            0.068           13.899
         13.959           0.892            0.000            0.068           13.949
         14.009           0.890            0.000            0.067           13.999
         14.059           0.889            0.000            0.067           14.049
         14.109           0.887            0.000            0.067           14.099
         14.159           0.885            0.000            0.067           14.149
         14.209           0.883            0.000            0.067           14.199
         14.259           0.881            0.000            0.067           14.249
         14.309           0.879            0.000            0.067           14.299
         14.359           0.877            0.000            0.066           14.350
         14.410           0.874            0.000            0.066           14.400
         14.460           0.872            0.000            0.065           14.450
         14.509           0.870            0.000            0.064           14.500
         14.559           0.867            0.000            0.064           14.549
         14.609           0.865            0.000            0.064           14.599
         14.659           0.863            0.000            0.064           14.649
         14.708           0.862            0.000            0.064           14.699
         14.758           0.860            0.000            0.064           14.749
         14.809           0.859            0.000            0.064           14.799
         14.859           0.857            0.000            0.064           14.849
         14.909           0.855            0.000            0.064           14.900
         14.959           0.853            0.000            0.063           14.950
         15.009           0.850            0.000            0.063           15.000
         15.059           0.848            0.000            0.062           15.050
         15.109           0.846            0.000            0.062           15.100
         15.159           0.844            0.000            0.062           15.150
         15.209           0.843            0.000            0.062           15.199
         15.258           0.841            0.000            0.062           15.249
         15.308           0.840            0.000            0.062           15.299
         15.359           0.838            0.000            0.062           15.349
         15.409           0.837            0.000            0.062           15.400
         15.459           0.835            0.000            0.062           15.450
         15.509           0.833            0.000            0.062           15.500
         15.559           0.831            0.000            0.062           15.550
         15.609           0.829            0.000            0.061           15.600
         15.659           0.827            0.000            0.061           15.650
         15.709           0.825            0.000            0.061           15.700
         15.759           0.824            0.000            0.061           15.750
         15.809           0.822            0.000            0.061           15.800
         15.859           0.820            0.000            0.061           15.850
         15.909           0.819            0.000            0.061           15.900
         15.959           0.817            0.000            0.061           15.950
         16.009           0.816            0.000            0.061           16.000
         16.059           0.814            0.000            0.061           16.050
         16.109           0.813            0.000            0.061           16.101
         16.159           0.811            0.000            0.061           16.151
         16.210           0.809            0.000            0.060           16.201
         16.260           0.807            0.000            0.060           16.251
         16.309           0.805            0.000            0.059           16.301
         16.359           0.803            0.000            0.059           16.351
         16.409           0.801            0.000            0.059           16.401
         16.459           0.800            0.000            0.059           16.450
         16.509           0.799            0.000            0.059           16.500
         16.559           0.797            0.000            0.059           16.551
         16.609           0.796            0.000            0.059           16.601
         16.660           0.794            0.000            0.059           16.651
         16.710           0.791            0.000            0.058           16.702
         16.760           0.789            0.000            0.057           16.752
         16.810           0.787            0.000            0.056           16.802
         16.860           0.785            0.000            0.056           16.851
         16.909           0.783            0.000            0.055           16.901
         16.959           0.782            0.000            0.056           16.950
         17.008           0.781            0.000            0.056           17.000
         17.058           0.780            0.000            0.057           17.050
         17.108           0.780            0.000            0.058           17.100
         17.159           0.779            0.000            0.059           17.151
         17.210           0.777            0.000            0.058           17.202
         17.260           0.775            0.000            0.057           17.253
         17.311           0.772            0.000            0.056           17.303
         17.360           0.770            0.000            0.055           17.352
         17.410           0.767            0.000            0.054           17.402
         17.459           0.766            0.000            0.054           17.451
         17.509           0.764            0.000            0.054           17.501
         17.558           0.764            0.000            0.055           17.551
         17.608           0.763            0.000            0.056           17.600
         17.658           0.763            0.000            0.057           17.651
         17.709           0.762            0.000            0.057           17.701
         17.759           0.761            0.000            0.057           17.752
         17.810           0.759            0.000            0.057           17.802
         17.860           0.757            0.000            0.056           17.853
         17.910           0.755            0.000            0.056           17.903
         17.960           0.753            0.000            0.055           17.952
         18.009           0.751            0.000            0.055           18.002
         18.059           0.750            0.000            0.055           18.051
         18.109           0.749            0.000            0.055           18.101
         18.159           0.749            0.000            0.056           18.151
         18.209           0.748            0.000            0.057           18.201
         18.259           0.747            0.000            0.057           18.252
         18.310           0.746            0.000            0.057           18.302
         18.360           0.744            0.000            0.057           18.353
         18.410           0.742            0.000            0.056           18.403
         18.460           0.740            0.000            0.055           18.453
         18.510           0.738            0.000            0.055           18.503
         18.560           0.736            0.000            0.054           18.553
         18.609           0.735            0.000            0.054           18.602
         18.659           0.734            0.000            0.054           18.652
         18.709           0.733            0.000            0.054           18.702
         18.759           0.732            0.000            0.055           18.752
         18.809           0.731            0.000            0.055           18.802
         18.860           0.730            0.000            0.055           18.852
         18.910           0.729            0.000            0.055           18.903
         18.960           0.727            0.000            0.055           18.953
         19.010           0.725            0.000            0.054           19.003
         19.060           0.724            0.000            0.054           19.053
         19.110           0.722            0.000            0.053           19.103
         19.160           0.721            0.000            0.053           19.153
         19.209           0.720            0.000            0.053           19.202
         19.259           0.719            0.000            0.054           19.252
         19.309           0.718            0.000            0.054           19.302
         19.360           0.717            0.000            0.054           19.353
         19.410           0.715            0.000            0.054           19.403
         19.460           0.714            0.000            0.054           19.453
         19.510           0.712            0.000            0.053           19.503
         19.560           0.711            0.000            0.053           19.553
         19.610           0.709            0.000            0.052           19.603
         19.660           0.707            0.000            0.052           19.653
         19.710           0.706            0.000            0.052           19.703
         19.760           0.705            0.000            0.052           19.753
         19.809           0.704            0.000            0.052           19.803
         19.859           0.703            0.000            0.053           19.853
         19.909           0.703            0.000            0.053           19.903
         19.960           0.702            0.000            0.053           19.953
         20.010           0.701            0.000            0.053           20.003
         20.060           0.700            0.000            0.053           20.053
         20.110           0.698            0.000            0.053           20.104
         20.161           0.696            0.000            0.052           20.154
         20.211           0.695            0.000            0.052           20.204
         20.261           0.693            0.000            0.051           20.254
         20.310           0.691            0.000            0.050           20.304
         20.360           0.690            0.000            0.050           20.354
         20.410           0.688            0.000            0.050           20.404
         20.460           0.687            0.000            0.050           20.453
         20.510           0.686            0.000            0.050           20.503
         20.560           0.685            0.000            0.050           20.553
         20.610           0.685            0.000            0.050           20.603
         20.660           0.684            0.000            0.051           20.653
         20.710           0.683            0.000            0.051           20.703
         20.760           0.682            0.000            0.051           20.754
         20.810           0.681            0.000            0.051           20.804
         20.860           0.680            0.000            0.051           20.854
         20.911           0.678            0.000            0.050           20.904
         20.961           0.677            0.000            0.050           20.954
         21.011           0.675            0.000            0.049           21.004
         21.061           0.674            0.000            0.049           21.054
         21.111           0.672            0.000            0.048           21.104
         21.161           0.670            0.000            0.048           21.154
         21.210           0.669            0.000            0.047           21.204
         21.260           0.668            0.000            0.047           21.254
         21.310           0.667            0.000            0.047           21.304
         21.360           0.666            0.000            0.047           21.354
         21.410           0.666            0.000            0.048           21.403
         21.460           0.665            0.000            0.048           21.453
         21.510           0.665            0.000            0.049           21.504
         21.560           0.664            0.000            0.049           21.554
         21.610           0.664            0.000            0.049           21.604
         21.661           0.662            0.000            0.049           21.654
         21.711           0.661            0.000            0.049           21.705
         21.761           0.659            0.000            0.048           21.755
         21.811           0.657            0.000            0.047           21.805
         21.861           0.655            0.000            0.046           21.855
         21.911           0.653            0.000            0.045           21.905
         21.961           0.652            0.000            0.044           21.955
         22.010           0.651            0.000            0.044           22.004
         22.060           0.650            0.000            0.044           22.054
         22.110           0.650            0.000            0.045           22.104
         22.159           0.650            0.000            0.046           22.153
         22.209           0.650            0.000            0.047           22.203
         22.260           0.650            0.000            0.048           22.254
         22.310           0.650            0.000            0.049           22.304
         22.361           0.650            0.000            0.049           22.355
         22.411           0.649            0.000            0.049           22.405
         22.462           0.647            0.000            0.048           22.456
         22.512           0.645            0.000            0.047           22.506
         22.562           0.643            0.000            0.046           22.556
         22.612           0.641            0.000            0.045           22.606
         22.661           0.639            0.000            0.044           22.655
         22.711           0.638            0.000            0.044           22.705
         22.760           0.637            0.000            0.044           22.755
         22.810           0.636            0.000            0.044           22.804
         22.860           0.636            0.000            0.045           22.854
         22.910           0.637            0.000            0.046           22.904
         22.960           0.637            0.000            0.047           22.954
         23.010           0.637            0.000            0.048           23.004
         23.061           0.637            0.000            0.048           23.055
         23.111           0.636            0.000            0.048           23.105
         23.162           0.634            0.000            0.048           23.156
         23.212           0.632            0.000            0.047           23.206
         23.262           0.630            0.000            0.045           23.256
         23.312           0.628            0.000            0.044           23.306
         23.362           0.627            0.000            0.043           23.356
         23.411           0.625            0.000            0.043           23.406
         23.461           0.624            0.000            0.042           23.455
         23.511           0.624            0.000            0.043           23.505
         23.560           0.624            0.000            0.043           23.555
         23.610           0.624            0.000            0.044           23.605
         23.660           0.624            0.000            0.045           23.655
         23.710           0.624            0.000            0.046           23.705
         23.761           0.624            0.000            0.047           23.755
         23.811           0.623            0.000            0.047           23.805
         23.861           0.623            0.000            0.047           23.856
         23.912           0.621            0.000            0.046           23.906
         23.962           0.620            0.000            0.046           23.956
         24.012           0.618            0.000            0.045           24.006
         24.062           0.617            0.000            0.044           24.056
         24.112           0.616            0.000            0.044           24.106
         24.161           0.615            0.000            0.043           24.156
         24.211           0.614            0.000            0.043           24.205
         24.261           0.614            0.000            0.044           24.255
         24.311           0.613            0.000            0.044           24.305
         24.361           0.613            0.000            0.045           24.355
         24.411           0.614            0.000            0.046           24.405
         24.461           0.613            0.000            0.046           24.455
         24.511           0.613            0.000            0.047           24.506
         24.561           0.613            0.000            0.047           24.556
         24.612           0.612            0.000            0.047           24.606
         24.662           0.610            0.000            0.046           24.657
         24.712           0.609            0.000            0.045           24.707
         24.762           0.607            0.000            0.044           24.757
         24.812           0.606            0.000            0.044           24.807
         24.862           0.605            0.000            0.043           24.856
         24.911           0.604            0.000            0.043           24.906
         24.961           0.603            0.000            0.043           24.956
         25.011           0.603            0.000            0.043           25.006
         25.061           0.603            0.000            0.044           25.056
         25.111           0.603            0.000            0.044           25.106
         25.161           0.603            0.000            0.045           25.156
         25.211           0.602            0.000            0.045           25.206
         25.262           0.602            0.000            0.045           25.256
         25.312           0.601            0.000            0.045           25.306
         25.362           0.600            0.000            0.045           25.357
         25.412           0.599            0.000            0.044           25.407
         25.462           0.598            0.000            0.044           25.457
         25.512           0.596            0.000            0.043           25.507
         25.562           0.595            0.000            0.042           25.557
         25.612           0.594            0.000            0.042           25.606
         25.662           0.594            0.000            0.042           25.656
         25.711           0.593            0.000            0.042           25.706
         25.761           0.593            0.000            0.043           25.756
         25.811           0.593            0.000            0.043           25.806
         25.861           0.593            0.000            0.044           25.856
         25.912           0.593            0.000            0.044           25.906
         25.962           0.592            0.000            0.044           25.957
         26.012           0.591            0.000            0.044           26.007
         26.062           0.591            0.000            0.043           26.057
         26.112           0.590            0.000            0.043           26.107
         26.162           0.588            0.000            0.042           26.157
         26.212           0.587            0.000            0.042           26.207
         26.262           0.587            0.000            0.042           26.257
         26.312           0.586            0.000            0.041           26.307
         26.362           0.585            0.000            0.042           26.357
         26.412           0.585            0.000            0.042           26.406
         26.462           0.585            0.000            0.042           26.456
         26.512           0.585            0.000            0.043           26.506
         26.562           0.585            0.000            0.043           26.556
         26.612           0.585            0.000            0.044           26.607
         26.662           0.584            0.000            0.044           26.657
         26.712           0.584            0.000            0.044           26.707
         26.762           0.583            0.000            0.044           26.757
         26.812           0.582            0.000            0.043           26.807
         26.862           0.582            0.000            0.043           26.857
         26.912           0.581            0.000            0.043           26.907
         26.962           0.580            0.000            0.042           26.957
         27.012           0.580            0.000            0.042           27.007
         27.062           0.579            0.000            0.042           27.057
         27.112           0.579            0.000            0.043           27.107
         27.162           0.579            0.000            0.043           27.157
         27.212           0.579            0.000            0.044           27.207
         27.262           0.579            0.000            0.044           27.257
         27.312           0.579            0.000            0.045           27.307
         27.362           0.579            0.000            0.045           27.357
         27.413           0.578            0.000            0.045           27.407
         27.463           0.577            0.000            0.044           27.458
         27.513           0.576            0.000            0.044           27.508
         27.563           0.576            0.000            0.043           27.558
         27.613           0.575            0.000            0.043           27.608
         27.663           0.574            0.000            0.043           27.657
         27.712           0.574            0.000            0.043           27.707
         27.762           0.573            0.000            0.043           27.757
         27.812           0.573            0.000            0.043           27.807
         27.862           0.574            0.000            0.044           27.857
         27.912           0.574            0.000            0.045           27.907
         27.962           0.574            0.000            0.045           27.957
         28.012           0.574            0.000            0.045           28.007
         28.063           0.573            0.000            0.045           28.058
         28.113           0.573            0.000            0.045           28.108
         28.163           0.572            0.000            0.045           28.158
         28.213           0.571            0.000            0.044           28.208
         28.263           0.570            0.000            0.044           28.258
         28.313           0.570            0.000            0.044           28.308
         28.363           0.569            0.000            0.043           28.358
         28.413           0.569            0.000            0.043           28.407
         28.462           0.568            0.000            0.044           28.457
         28.512           0.568            0.000            0.044           28.507
         28.562           0.568            0.000            0.044           28.557
         28.612           0.569            0.000            0.045           28.607
         28.663           0.569            0.000            0.045           28.657
         28.713           0.568            0.000            0.045           28.708
         28.763           0.568            0.000            0.045           28.758
         28.813           0.568            0.000            0.045           28.808
         28.863           0.567            0.000            0.045           28.858
         28.913           0.566            0.000            0.044           28.908
         28.963           0.565            0.000            0.044           28.958
         29.013           0.564            0.000            0.043           29.008
         29.063           0.563            0.000            0.043           29.058
         29.113           0.563            0.000            0.042           29.108
         29.163           0.562            0.000            0.042           29.158
         29.213           0.562            0.000            0.042           29.208
         29.263           0.562            0.000            0.043           29.258
         29.313           0.562            0.000            0.043           29.308
         29.363           0.562            0.000            0.043           29.358
         29.413           0.562            0.000            0.043           29.408
         29.463           0.561            0.000            0.043           29.458
         29.513           0.561            0.000            0.043           29.508
         29.563           0.560            0.000            0.043           29.558
         29.614           0.560            0.000            0.043           29.608
         29.664           0.559            0.000            0.042           29.658
         29.714           0.558            0.000            0.042           29.708
         29.763           0.558            0.000            0.041           29.758
         29.813           0.557            0.000            0.041           29.808
         29.863           0.556            0.000            0.041           29.858
         29.913           0.556            0.000            0.041           29.908
         29.963           0.556            0.000            0.041           29.958
         30.013           0.556            0.000            0.041           30.008
         30.063           0.556            0.000            0.041           30.058
         30.113           0.556            0.000            0.042           30.108
         30.163           0.556            0.000            0.042           30.158
         30.213           0.556            0.000            0.042           30.208
         30.264           0.555            0.000            0.042           30.259
         30.314           0.555            0.000            0.041           30.309
         30.364           0.554            0.000            0.041           30.359
         30.414           0.553            0.000            0.041           30.409
         30.464           0.553            0.000            0.040           30.459
         30.514           0.552            0.000            0.040           30.509
         30.564           0.552            0.000            0.040           30.559
         30.613           0.552            0.000            0.040           30.608
         30.663           0.552            0.000            0.040           30.658
         30.713           0.552            0.000            0.040           30.708
         30.763           0.552            0.000            0.040           30.758
         30.813           0.552            0.000            0.041           30.808
         30.863           0.552            0.000            0.041           30.858
         30.914           0.552            0.000            0.041           30.908
         30.964           0.552            0.000            0.041           30.959
         31.014           0.551            0.000            0.041           31.009
         31.064           0.551            0.000            0.041           31.059
         31.114           0.551            0.000            0.041           31.109
         31.164           0.550            0.000            0.041           31.159
         31.214           0.550            0.000            0.041           31.209
         31.264           0.550            0.000            0.040           31.259
         31.314           0.549            0.000            0.041           31.309
         31.364           0.549            0.000            0.041           31.359
         31.414           0.549            0.000            0.041           31.409
         31.464           0.550            0.000            0.041           31.458
         31.514           0.550            0.000            0.042           31.508
         31.564           0.550            0.000            0.042           31.559
         31.614           0.550            0.000            0.043           31.609
         31.664           0.550            0.000            0.043           31.659
         31.714           0.550            0.000            0.043           31.709
         31.764           0.550            0.000            0.043           31.759
         31.814           0.549            0.000            0.042           31.809
         31.864           0.549            0.000            0.042           31.859
         31.914           0.548            0.000            0.042           31.909
         31.964           0.548            0.000            0.042           31.959
         32.014           0.548            0.000            0.042           32.009
         32.064           0.548            0.000            0.042           32.059
         32.114           0.548            0.000            0.042           32.109
         32.164           0.548            0.000            0.042           32.159
         32.214           0.548            0.000            0.042           32.209
         32.264           0.548            0.000            0.043           32.259
         32.314           0.548            0.000            0.043           32.309
         32.364           0.548            0.000            0.043           32.359
         32.414           0.548            0.000            0.043           32.409
         32.464           0.548            0.000            0.043           32.459
         32.514           0.547            0.000            0.043           32.509
         32.564           0.547            0.000            0.042           32.559
         32.614           0.547            0.000            0.042           32.609
         32.664           0.547            0.000            0.042           32.659
         32.714           0.547            0.000            0.042           32.709
         32.764           0.547            0.000            0.042           32.759
         32.814           0.547            0.000            0.042           32.809
         32.864           0.547            0.000            0.042           32.859
         32.914           0.546            0.000            0.042           32.909
         32.965           0.546            0.000            0.042           32.960
         33.015           0.546            0.000            0.042           33.010
         33.065           0.546            0.000            0.042           33.060
         33.115           0.545            0.000            0.042           33.110
         33.165           0.545            0.000            0.041           33.160
         33.215           0.544            0.000            0.041           33.210
         33.265           0.544            0.000            0.041           33.260
         33.315           0.544            0.000            0.041           33.310
         33.365           0.544            0.000            0.041           33.360
         33.415           0.544            0.000            0.041           33.410
         33.465           0.544            0.000            0.041           33.460
         33.515           0.544            0.000            0.041           33.510
         33.565           0.544            0.000            0.041           33.560
         33.615           0.544            0.000            0.041           33.610
         33.665           0.543            0.000            0.041           33.660
         33.715           0.543            0.000            0.041           33.710
         33.765           0.543            0.000            0.040           33.760
         33.815           0.542            0.000            0.040           33.810
         33.865           0.542            0.000            0.040           33.860
         33.915           0.542            0.000            0.040           33.910
         33.965           0.542            0.000            0.040           33.960
         34.015           0.542            0.000            0.040           34.010
         34.065           0.542            0.000            0.040           34.060
         34.115           0.542            0.000            0.040           34.110
         34.165           0.542            0.000            0.040           34.160
         34.215           0.542            0.000            0.040           34.210
         34.265           0.541            0.000            0.040           34.260
         34.315           0.541            0.000            0.039           34.310
         34.365           0.541            0.000            0.039           34.360
         34.415           0.540            0.000            0.039           34.410
         34.465           0.540            0.000            0.039           34.460
         34.515           0.540            0.000            0.039           34.510
         34.565           0.540            0.000            0.039           34.560
         34.615           0.540            0.000            0.039           34.610
         34.665           0.540            0.000            0.039           34.660
         34.715           0.540            0.000            0.039           34.710
         34.765           0.540            0.000            0.039           34.760
         34.815           0.540            0.000            0.039           34.810
         34.865           0.539            0.000            0.038           34.860
         34.915           0.539            0.000            0.038           34.910
         34.965           0.539            0.000            0.038           34.960
         35.015           0.539            0.000            0.038           35.010
         35.065           0.539            0.000            0.038           35.060
         35.115           0.539            0.000            0.038           35.110
         35.165           0.540            0.000            0.039           35.160
         35.215           0.540            0.000            0.039           35.210
         35.265           0.540            0.000            0.039           35.260
         35.315           0.540            0.000            0.039           35.310
         35.366           0.540            0.000            0.039           35.361
         35.416           0.540            0.000            0.039           35.411
         35.466           0.539            0.000            0.039           35.461
         35.516           0.539            0.000            0.038           35.511
         35.566           0.539            0.000            0.038           35.561
         35.616           0.539            0.000            0.038           35.611
         35.665           0.539            0.000            0.038           35.660
         35.715           0.539            0.000            0.039           35.710
         35.765           0.539            0.000            0.039           35.760
         35.815           0.540            0.000            0.039           35.810
         35.866           0.540            0.000            0.039           35.861
         35.916           0.540            0.000            0.039           35.911
         35.966           0.540            0.000            0.039           35.961
         36.016           0.540            0.000            0.039           36.011
         36.066           0.539            0.000            0.039           36.061
         36.116           0.539            0.000            0.039           36.111
         36.166           0.539            0.000            0.039           36.161
         36.216           0.539            0.000            0.039           36.211
         36.266           0.539            0.000            0.039           36.261
         36.316           0.539            0.000            0.039           36.311
         36.366           0.539            0.000            0.039           36.361
         36.416           0.540            0.000            0.039           36.411
         36.466           0.540            0.000            0.039           36.461
         36.516           0.540            0.000            0.039           36.511
         36.566           0.540            0.000            0.039           36.561
         36.616           0.540            0.000            0.039           36.611
         36.666           0.539            0.000            0.039           36.661
         36.716           0.539            0.000            0.039           36.711
         36.766           0.539            0.000            0.039           36.761
         36.816           0.539            0.000            0.038           36.811
         36.866           0.538            0.000            0.038           36.861
         36.916           0.538            0.000            0.038           36.911
         36.966           0.538            0.000            0.038           36.961
         37.016           0.538            0.000            0.038           37.011
         37.066           0.538            0.000            0.038           37.061
         37.116           0.538            0.000            0.038           37.111
         37.166           0.538            0.000            0.038           37.161
         37.216           0.538            0.000            0.038           37.211
         37.266           0.538            0.000            0.038           37.261
         37.317           0.538            0.000            0.038           37.312
         37.367           0.537            0.000            0.037           37.362
         37.417           0.537            0.000            0.037           37.412
         37.467           0.536            0.000            0.036           37.462
         37.517           0.536            0.000            0.036           37.512
         37.567           0.536            0.000            0.036           37.562
         37.616           0.536            0.000            0.036           37.611
         37.666           0.536            0.000            0.036           37.661
         37.716           0.536            0.000            0.036           37.711
         37.766           0.536            0.000            0.036           37.761
         37.816           0.536            0.000            0.036           37.811
         37.867           0.536            0.000            0.036           37.862
         37.917           0.536            0.000            0.036           37.912
         37.967           0.535            0.000            0.035           37.962
         38.017           0.535            0.000            0.035           38.012
         38.067           0.534            0.000            0.034           38.062
         38.117           0.534            0.000            0.034           38.112
         38.167           0.534            0.000            0.033           38.162
         38.217           0.533            0.000            0.033           38.212
         38.266           0.534            0.000            0.034           38.262
         38.316           0.534            0.000            0.034           38.312
         38.367           0.534            0.000            0.034           38.362
         38.417           0.534            0.000            0.034           38.412
         38.467           0.534            0.000            0.034           38.462
         38.517           0.534            0.000            0.034           38.512
         38.567           0.534            0.000            0.034           38.562
         38.617           0.533            0.000            0.033           38.612
         38.667           0.533            0.000            0.032           38.662
         38.717           0.532            0.000            0.032           38.712
         38.767           0.532            0.000            0.032           38.762
         38.817           0.532            0.000            0.032           38.812
         38.867           0.532            0.000            0.032           38.862
         38.917           0.533            0.000            0.033           38.912
         38.967           0.533            0.000            0.033           38.962
         39.017           0.533            0.000            0.033           39.012
         39.067           0.533            0.000            0.033           39.062
         39.117           0.533            0.000            0.033           39.112
         39.167           0.532            0.000            0.032           39.163
         39.217           0.531            0.000            0.031           39.213
         39.267           0.531            0.000            0.031           39.262
         39.317           0.531            0.000            0.031           39.312
         39.367           0.531            0.000            0.031           39.362
         39.417           0.531            0.000            0.031           39.412
         39.467           0.531            0.000            0.031           39.462
         39.517           0.532            0.000            0.032           39.512
         39.567           0.532            0.000            0.032           39.562
         39.617           0.533            0.000            0.033           39.612
         39.667           0.533            0.000            0.033           39.662
         39.718           0.532            0.000            0.032           39.713
         39.768           0.532            0.000            0.032           39.763
         39.818           0.532            0.000            0.032           39.813
         39.867           0.531            0.000            0.031           39.863
         39.917           0.531            0.000            0.031           39.912
         39.967           0.532            0.000            0.032           39.962
         40.017           0.532            0.000            0.032           40.012
         40.067           0.532            0.000            0.032           40.062
         40.117           0.532            0.000            0.032           40.112
         40.167           0.532            0.000            0.032           40.163
         40.218           0.532            0.000            0.032           40.213
         40.268           0.532            0.000            0.032           40.263
         40.318           0.532            0.000            0.032           40.313
         40.368           0.532            0.000            0.032           40.363
         40.418           0.532            0.000            0.032           40.413
         40.468           0.532            0.000            0.032           40.463
         40.518           0.532            0.000            0.032           40.513
         40.568           0.532            0.000            0.032           40.563
         40.618           0.533            0.000            0.033           40.613
         40.668           0.533            0.000            0.033           40.663
         40.718           0.533            0.000            0.033           40.713
         40.768           0.533            0.000            0.033           40.763
         40.818           0.533            0.000            0.033           40.813
         40.868           0.533            0.000            0.032           40.863
         40.918           0.532            0.000            0.032           40.913
         40.968           0.532            0.000            0.032           40.963
         41.018           0.532            0.000            0.032           41.013
         41.068           0.532            0.000            0.032           41.063
         41.118           0.532            0.000            0.032           41.113
         41.168           0.532            0.000            0.032           41.163
         41.218           0.533            0.000            0.033           41.213
         41.268           0.533            0.000            0.033           41.263
         41.318           0.533            0.000            0.033           41.313
         41.368           0.532            0.000            0.032           41.363
         41.418           0.532            0.000            0.032           41.413
         41.468           0.532            0.000            0.032           41.463
         41.518           0.532            0.000            0.032           41.513
         41.568           0.531            0.000            0.031           41.563
         41.618           0.531            0.000            0.031           41.613
         41.668           0.531            0.000            0.031           41.663
         41.718           0.531            0.000            0.031           41.713
         41.768           0.531            0.000            0.031           41.763
         41.818           0.531            0.000            0.031           41.813
         41.868           0.531            0.000            0.031           41.863
         41.918           0.531            0.000            0.031           41.914
         41.968           0.530            0.000            0.030           41.964
         42.019           0.530            0.000            0.030           42.014
         42.069           0.530            0.000            0.030           42.064
         42.119           0.529            0.000            0.029           42.114
         42.168           0.529            0.000            0.029           42.164
         42.218           0.529            0.000            0.029           42.214
         42.268           0.529            0.000            0.029           42.263
         42.318           0.529            0.000            0.029           42.314
         42.368           0.529            0.000            0.029           42.364
         42.418           0.529            0.000            0.029           42.414
         42.469           0.529            0.000            0.029           42.464
         42.519           0.529            0.000            0.029           42.514
         42.568           0.529            0.000            0.029           42.564
         42.618           0.529            0.000            0.029           42.614
         42.668           0.530            0.000            0.030           42.664
         42.719           0.530            0.000            0.030           42.714
         42.769           0.530            0.000            0.030           42.764
         42.819           0.530            0.000            0.030           42.814
         42.869           0.530            0.000            0.030           42.864
         42.919           0.529            0.000            0.029           42.914
         42.969           0.530            0.000            0.030           42.964
         43.019           0.530            0.000            0.030           43.014
         43.069           0.530            0.000            0.030           43.064
         43.119           0.530            0.000            0.031           43.114
         43.169           0.531            0.000            0.031           43.164
         43.219           0.531            0.000            0.031           43.214
         43.269           0.531            0.000            0.031           43.264
         43.319           0.531            0.000            0.031           43.314
         43.369           0.530            0.000            0.030           43.364
         43.419           0.531            0.000            0.031           43.414
         43.469           0.531            0.000            0.031           43.464
         43.519           0.531            0.000            0.031           43.514
         43.569           0.531            0.000            0.031           43.564
         43.619           0.531            0.000            0.031           43.614
         43.669           0.531            0.000            0.031           43.664
         43.719           0.531            0.000            0.031           43.714
         43.769           0.531            0.000            0.031           43.764
         43.819           0.531            0.000            0.031           43.814
         43.869           0.531            0.000            0.031           43.864
         43.919           0.531            0.000            0.031           43.914
         43.969           0.531            0.000            0.031           43.964
         44.019           0.531            0.000            0.031           44.014
         44.069           0.531            0.000            0.031           44.064
         44.119           0.531            0.000            0.031           44.114
         44.169           0.532            0.000            0.032           44.164
         44.219           0.532            0.000            0.032           44.214
         44.269           0.532            0.000            0.032           44.264
         44.319           0.531            0.000            0.032           44.315
         44.370           0.531            0.000            0.032           44.365
         44.420           0.531            0.000            0.031           44.415
         44.469           0.531            0.000            0.031           44.465
         44.519           0.531            0.000            0.031           44.515
         44.569           0.531            0.000            0.032           44.565
         44.619           0.531            0.000            0.032           44.615
         44.669           0.531            0.000            0.032           44.665
         44.720           0.531            0.000            0.032           44.715
         44.770           0.531            0.000            0.032           44.765
         44.820           0.530            0.000            0.032           44.815
         44.870           0.530            0.000            0.032           44.865
         44.920           0.530            0.000            0.032           44.915
         44.970           0.529            0.000            0.032           44.965
         45.020           0.529            0.000            0.032           45.015
         45.070           0.529            0.000            0.032           45.065
         45.120           0.529            0.000            0.033           45.115
         45.170           0.529            0.000            0.033           45.165
         45.220           0.529            0.000            0.033           45.215
         45.270           0.529            0.000            0.034           45.265
         45.320           0.528            0.000            0.034           45.315
         45.370           0.528            0.000            0.034           45.365
         45.420           0.528            0.000            0.034           45.415
         45.470           0.527            0.000            0.034           45.465
         45.520           0.527            0.000            0.034           45.515
         45.570           0.527            0.000            0.034           45.565
         45.620           0.526            0.000            0.034           45.615
         45.670           0.526            0.000            0.034           45.665
         45.720           0.526            0.000            0.034           45.715
         45.770           0.525            0.000            0.034           45.765
         45.820           0.525            0.000            0.034           45.815
         45.870           0.524            0.000            0.035           45.865
         45.920           0.523            0.000            0.035           45.916
         45.970           0.523            0.000            0.035           45.966
         46.021           0.522            0.000            0.034           46.016
         46.071           0.521            0.000            0.034           46.066
         46.121           0.520            0.000            0.034           46.116
         46.171           0.520            0.000            0.034           46.166
         46.221           0.519            0.000            0.033           46.216
         46.271           0.518            0.000            0.033           46.266
         46.321           0.517            0.000            0.033           46.316
         46.371           0.516            0.000            0.033           46.366
         46.421           0.515            0.000            0.033           46.416
         46.471           0.514            0.000            0.032           46.466
         46.521           0.513            0.000            0.032           46.516
         46.571           0.512            0.000            0.032           46.566
         46.621           0.511            0.000            0.032           46.616
         46.671           0.510            0.000            0.032           46.666
         46.721           0.509            0.000            0.031           46.716
         46.771           0.509            0.000            0.031           46.766
         46.821           0.508            0.000            0.031           46.816
         46.871           0.506            0.000            0.031           46.866
         46.921           0.505            0.000            0.030           46.917
         46.971           0.504            0.000            0.030           46.967
         47.021           0.503            0.000            0.030           47.017
         47.071           0.502            0.000            0.030           47.067
         47.121           0.500            0.000            0.029           47.117
         47.171           0.499            0.000            0.029           47.167
         47.221           0.498            0.000            0.029           47.217
         47.271           0.497            0.000            0.029           47.267
         47.321           0.496            0.000            0.028           47.317
         47.371           0.495            0.000            0.028           47.367
         47.421           0.493            0.000            0.028           47.417
         47.471           0.492            0.000            0.028           47.467
         47.521           0.491            0.000            0.028           47.517
         47.571           0.490            0.000            0.028           47.567
         47.621           0.489            0.000            0.028           47.617
         47.671           0.488            0.000            0.028           47.667
         47.721           0.487            0.000            0.028           47.717
         47.771           0.486            0.000            0.028           47.767
         47.821           0.486            0.000            0.029           47.817
         47.871           0.485            0.000            0.029           47.867
         47.921           0.484            0.000            0.029           47.917
         47.971           0.483            0.000            0.029           47.967
         48.021           0.482            0.000            0.030           48.017
         48.071           0.481            0.000            0.030           48.067
         48.122           0.480            0.000            0.030           48.117
         48.172           0.479            0.000            0.030           48.167
         48.222           0.478            0.000            0.031           48.217
         48.272           0.477            0.000            0.031           48.267
         48.322           0.476            0.000            0.031           48.317
         48.372           0.475            0.000            0.031           48.367
         48.422           0.474            0.000            0.032           48.417
         48.472           0.473            0.000            0.032           48.467
         48.522           0.472            0.000            0.033           48.517
         48.572           0.472            0.000            0.033           48.567
         48.622           0.471            0.000            0.033           48.618
         48.672           0.470            0.000            0.034           48.668
         48.722           0.468            0.000            0.034           48.718
         48.772           0.467            0.000            0.034           48.768
         48.822           0.466            0.000            0.034           48.818
         48.872           0.465            0.000            0.034           48.868
         48.922           0.464            0.000            0.035           48.918
         48.972           0.463            0.000            0.035           48.968
         49.022           0.462            0.000            0.036           49.018
         49.072           0.461            0.000            0.036           49.068
         49.122           0.460            0.000            0.037           49.118
         49.172           0.459            0.000            0.037           49.168
         49.222           0.457            0.000            0.038           49.218
         49.273           0.456            0.000            0.038           49.268
         49.323           0.455            0.000            0.038           49.318
         49.373           0.453            0.000            0.038           49.369
         49.423           0.452            0.000            0.038           49.419
         49.473           0.450            0.000            0.038           49.469
         49.523           0.449            0.000            0.038           49.519
         49.573           0.447            0.000            0.038           49.569
         49.623           0.446            0.000            0.039           49.619
         49.673           0.444            0.000            0.039           49.669
         49.723           0.443            0.000            0.039           49.719
         49.773           0.441            0.000            0.039           49.769
         49.823           0.439            0.000            0.039           49.819
         49.873           0.438            0.000            0.039           49.869
         49.923           0.436            0.000            0.039           49.919
         49.973           0.434            0.000            0.039           49.969
         50.023           0.433            0.000            0.039           50.019
         50.073           0.431            0.000            0.039           50.069
         50.123           0.429            0.000            0.039           50.119
         50.173           0.428            0.000            0.039           50.169
         50.223           0.426            0.000            0.039           50.220
         50.273           0.424            0.000            0.040           50.270
         50.323           0.423            0.000            0.040           50.320
         50.373           0.421            0.000            0.040           50.370
         50.423           0.419            0.000            0.040           50.420
         50.473           0.417            0.000            0.040           50.470
         50.523           0.416            0.000            0.040           50.520
         50.573           0.414            0.000            0.041           50.570
         50.624           0.412            0.000            0.041           50.620
         50.674           0.411            0.000            0.041           50.670
         50.724           0.408            0.000            0.041           50.720
         50.774           0.406            0.000            0.041           50.771
         50.824           0.404            0.000            0.040           50.821
         50.874           0.402            0.000            0.040           50.871
         50.924           0.400            0.000            0.040           50.921
         50.974           0.397            0.000            0.040           50.971
         51.024           0.395            0.000            0.040           51.021
         51.074           0.393            0.000            0.040           51.071
         51.124           0.392            0.000            0.040           51.121
         51.174           0.390            0.000            0.040           51.171
         51.224           0.388            0.000            0.040           51.221
         51.274           0.386            0.000            0.041           51.271
         51.324           0.384            0.000            0.041           51.321
         51.374           0.382            0.000            0.041           51.371
         51.424           0.379            0.000            0.040           51.422
         51.474           0.377            0.000            0.040           51.472
         51.524           0.375            0.000            0.040           51.522
         51.574           0.372            0.000            0.040           51.572
         51.624           0.370            0.000            0.040           51.622
         51.674           0.367            0.000            0.039           51.672
         51.724           0.365            0.000            0.039           51.722
         51.774           0.362            0.000            0.039           51.772
         51.824           0.360            0.000            0.039           51.822
         51.874           0.358            0.000            0.039           51.872
         51.924           0.355            0.000            0.039           51.922
         51.975           0.353            0.000            0.039           51.972
         52.025           0.350            0.000            0.038           52.022
         52.075           0.348            0.000            0.038           52.073
         52.125           0.345            0.000            0.038           52.123
         52.175           0.343            0.000            0.038           52.173
         52.225           0.340            0.000            0.038           52.223
         52.275           0.338            0.000            0.038           52.273
         52.325           0.335            0.000            0.038           52.323
         52.375           0.332            0.000            0.037           52.373
         52.425           0.330            0.000            0.037           52.423
         52.475           0.327            0.000            0.037           52.473
         52.525           0.324            0.000            0.036           52.524
         52.575           0.321            0.000            0.036           52.574
         52.625           0.319            0.000            0.036           52.624
         52.675           0.316            0.000            0.035           52.674
         52.725           0.312            0.000            0.035           52.724
         52.775           0.309            0.000            0.034           52.774
         52.824           0.308            0.000            0.035           52.823
         52.878           0.305            0.000            0.035           52.877
         52.931           0.293            0.000            0.026           52.931
         52.978           0.277            0.000            0.012           52.981
         53.021           0.258            0.000           -0.004           53.028
         53.062           0.238            0.000           -0.022           53.074
         53.100           0.217            0.000           -0.041           53.117
         53.136           0.195            0.000           -0.061           53.159
         53.223           0.252            0.000            0.000           53.263
         53.273           0.249            0.000            0.000           53.313
         53.323           0.246            0.000            0.000           53.363
         53.373           0.244            0.000            0.000           53.413
         53.423           0.241            0.000            0.000           53.463
         53.473           0.238            0.000            0.000           53.513
         53.523           0.235            0.000            0.000           53.564
         53.573           0.233            0.000            0.000           53.614
         53.623           0.230            0.000            0.000           53.664
         53.673           0.227            0.000            0.000           53.714
         53.723           0.224            0.000            0.000           53.764
         53.773           0.221            0.000            0.000           53.814
         53.823           0.218            0.000            0.000           53.864
         53.873           0.216            0.000            0.000           53.914
         53.923           0.213            0.000            0.000           53.964
         53.974           0.207            0.000            0.000           54.015
