           X               Y                Z                A                C
          0.061           1.806            0.000            0.279            0.000
          0.109           1.795            0.000            0.276            0.049
          0.157           1.785            0.000            0.273            0.098
          0.205           1.775            0.000            0.270            0.148
          0.253           1.765            0.000            0.267            0.196
          0.301           1.756            0.000            0.264            0.245
          0.349           1.746            0.000            0.261            0.294
          0.397           1.737            0.000            0.257            0.343
          0.444           1.729            0.000            0.254            0.391
          0.492           1.721            0.000            0.250            0.440
          0.540           1.713            0.000            0.245            0.489
          0.588           1.705            0.000            0.241            0.537
          0.636           1.697            0.000            0.237            0.586
          0.684           1.690            0.000            0.232            0.634
          0.732           1.683            0.000            0.228            0.683
          0.781           1.677            0.000            0.223            0.732
          0.829           1.670            0.000            0.219            0.780
          0.877           1.664            0.000            0.215            0.829
          0.926           1.658            0.000            0.211            0.878
          0.974           1.652            0.000            0.207            0.927
          1.023           1.647            0.000            0.204            0.976
          1.071           1.642            0.000            0.201            1.024
          1.120           1.637            0.000            0.198            1.073
          1.169           1.632            0.000            0.195            1.122
          1.218           1.628            0.000            0.193            1.171
          1.267           1.624            0.000            0.190            1.221
          1.316           1.620            0.000            0.188            1.270
          1.365           1.616            0.000            0.187            1.319
          1.414           1.612            0.000            0.185            1.369
          1.463           1.609            0.000            0.184            1.418
          1.513           1.606            0.000            0.182            1.467
          1.562           1.603            0.000            0.181            1.517
          1.611           1.600            0.000            0.181            1.566
          1.661           1.597            0.000            0.180            1.615
          1.710           1.595            0.000            0.180            1.665
          1.760           1.592            0.000            0.179            1.714
          1.809           1.590            0.000            0.179            1.764
          1.859           1.588            0.000            0.179            1.814
          1.909           1.586            0.000            0.179            1.864
          1.958           1.584            0.000            0.179            1.913
          2.008           1.582            0.000            0.179            1.963
          2.058           1.580            0.000            0.180            2.013
          2.107           1.579            0.000            0.180            2.062
          2.157           1.577            0.000            0.181            2.112
          2.206           1.576            0.000            0.181            2.162
          2.256           1.575            0.000            0.182            2.211
          2.306           1.573            0.000            0.183            2.261
          2.356           1.572            0.000            0.184            2.311
          2.406           1.571            0.000            0.185            2.361
          2.456           1.570            0.000            0.186            2.411
          2.506           1.569            0.000            0.187            2.462
          2.557           1.568            0.000            0.187            2.512
          2.607           1.566            0.000            0.188            2.562
          2.658           1.565            0.000            0.189            2.613
          2.708           1.563            0.000            0.189            2.663
          2.759           1.562            0.000            0.190            2.714
          2.809           1.560            0.000            0.190            2.764
          2.859           1.558            0.000            0.190            2.815
          2.909           1.556            0.000            0.191            2.865
          2.959           1.554            0.000            0.191            2.915
          3.010           1.552            0.000            0.191            2.965
          3.060           1.550            0.000            0.191            3.016
          3.111           1.548            0.000            0.191            3.066
          3.161           1.546            0.000            0.191            3.117
          3.212           1.543            0.000            0.190            3.168
          3.263           1.540            0.000            0.190            3.218
          3.313           1.538            0.000            0.189            3.269
          3.363           1.535            0.000            0.188            3.319
          3.414           1.532            0.000            0.187            3.370
          3.464           1.529            0.000            0.186            3.420
          3.514           1.526            0.000            0.185            3.470
          3.564           1.523            0.000            0.184            3.520
          3.614           1.520            0.000            0.183            3.570
          3.664           1.516            0.000            0.182            3.620
          3.714           1.513            0.000            0.181            3.670
          3.763           1.511            0.000            0.180            3.720
          3.813           1.508            0.000            0.180            3.770
          3.863           1.505            0.000            0.179            3.820
          3.912           1.502            0.000            0.178            3.870
          3.962           1.499            0.000            0.178            3.920
          4.013           1.497            0.000            0.177            3.970
          4.063           1.494            0.000            0.176            4.020
          4.114           1.491            0.000            0.175            4.071
          4.164           1.488            0.000            0.174            4.122
          4.214           1.484            0.000            0.173            4.172
          4.265           1.481            0.000            0.172            4.222
          4.315           1.478            0.000            0.171            4.272
          4.364           1.474            0.000            0.169            4.322
          4.414           1.471            0.000            0.168            4.372
          4.463           1.468            0.000            0.167            4.421
          4.513           1.465            0.000            0.166            4.471
          4.562           1.463            0.000            0.166            4.520
          4.612           1.460            0.000            0.165            4.570
          4.661           1.458            0.000            0.165            4.620
          4.711           1.455            0.000            0.165            4.670
          4.761           1.453            0.000            0.164            4.720
          4.812           1.450            0.000            0.164            4.770
          4.862           1.448            0.000            0.163            4.821
          4.913           1.445            0.000            0.163            4.871
          4.963           1.442            0.000            0.162            4.922
          5.013           1.439            0.000            0.161            4.972
          5.062           1.437            0.000            0.161            5.021
          5.112           1.434            0.000            0.160            5.071
          5.161           1.432            0.000            0.160            5.120
          5.210           1.430            0.000            0.160            5.169
          5.259           1.428            0.000            0.160            5.218
          5.308           1.427            0.000            0.161            5.267
          5.357           1.425            0.000            0.161            5.316
          5.407           1.424            0.000            0.163            5.366
          5.457           1.424            0.000            0.164            5.416
          5.507           1.423            0.000            0.165            5.466
          5.557           1.422            0.000            0.166            5.516
          5.607           1.421            0.000            0.167            5.566
          5.657           1.420            0.000            0.169            5.616
          5.707           1.419            0.000            0.170            5.666
          5.757           1.418            0.000            0.171            5.716
          5.807           1.417            0.000            0.172            5.766
          5.858           1.417            0.000            0.173            5.817
          5.908           1.415            0.000            0.174            5.868
          5.959           1.414            0.000            0.175            5.918
          6.010           1.413            0.000            0.176            5.969
          6.059           1.411            0.000            0.176            6.019
          6.109           1.410            0.000            0.177            6.068
          6.158           1.409            0.000            0.178            6.118
          6.208           1.408            0.000            0.179            6.167
          6.258           1.407            0.000            0.180            6.217
          6.308           1.406            0.000            0.181            6.267
          6.359           1.405            0.000            0.182            6.318
          6.410           1.404            0.000            0.183            6.369
          6.462           1.402            0.000            0.183            6.421
          6.514           1.400            0.000            0.183            6.473
          6.565           1.397            0.000            0.183            6.525
          6.616           1.394            0.000            0.182            6.576
          6.666           1.391            0.000            0.181            6.626
          6.717           1.388            0.000            0.179            6.677
          6.767           1.384            0.000            0.178            6.727
          6.817           1.381            0.000            0.177            6.777
          6.868           1.377            0.000            0.175            6.828
          6.918           1.373            0.000            0.173            6.879
          6.969           1.369            0.000            0.171            6.930
          7.020           1.365            0.000            0.169            6.981
          7.070           1.360            0.000            0.167            7.031
          7.120           1.356            0.000            0.164            7.081
          7.170           1.351            0.000            0.161            7.131
          7.219           1.347            0.000            0.159            7.181
          7.268           1.343            0.000            0.157            7.230
          7.317           1.339            0.000            0.155            7.279
          7.366           1.335            0.000            0.154            7.328
          7.415           1.332            0.000            0.152            7.377
          7.464           1.330            0.000            0.152            7.426
          7.513           1.327            0.000            0.151            7.475
          7.562           1.325            0.000            0.151            7.525
          7.612           1.322            0.000            0.150            7.574
          7.662           1.320            0.000            0.150            7.624
          7.711           1.318            0.000            0.150            7.674
          7.761           1.316            0.000            0.150            7.724
          7.812           1.315            0.000            0.151            7.774
          7.862           1.313            0.000            0.151            7.824
          7.912           1.310            0.000            0.150            7.875
          7.963           1.308            0.000            0.150            7.925
          8.013           1.306            0.000            0.150            7.976
          8.063           1.303            0.000            0.149            8.026
          8.113           1.301            0.000            0.149            8.076
          8.163           1.298            0.000            0.148            8.125
          8.212           1.296            0.000            0.148            8.175
          8.262           1.294            0.000            0.148            8.225
          8.312           1.292            0.000            0.148            8.274
          8.361           1.291            0.000            0.149            8.324
          8.411           1.289            0.000            0.149            8.374
          8.462           1.287            0.000            0.149            8.425
          8.512           1.285            0.000            0.149            8.475
          8.562           1.283            0.000            0.149            8.525
          8.613           1.281            0.000            0.149            8.576
          8.663           1.279            0.000            0.149            8.626
          8.713           1.277            0.000            0.149            8.676
          8.763           1.274            0.000            0.148            8.727
          8.814           1.272            0.000            0.148            8.777
          8.864           1.269            0.000            0.147            8.827
          8.914           1.267            0.000            0.147            8.877
          8.964           1.264            0.000            0.146            8.927
          9.013           1.262            0.000            0.146            8.977
          9.063           1.260            0.000            0.145            9.027
          9.112           1.258            0.000            0.145            9.076
          9.162           1.256            0.000            0.145            9.126
          9.212           1.254            0.000            0.145            9.176
          9.262           1.252            0.000            0.146            9.226
          9.312           1.250            0.000            0.146            9.276
          9.363           1.248            0.000            0.146            9.326
          9.413           1.246            0.000            0.146            9.377
          9.463           1.244            0.000            0.146            9.427
          9.513           1.242            0.000            0.146            9.477
          9.563           1.240            0.000            0.146            9.527
          9.613           1.238            0.000            0.146            9.577
          9.663           1.236            0.000            0.145            9.627
          9.714           1.234            0.000            0.145            9.678
          9.765           1.232            0.000            0.145            9.729
          9.815           1.229            0.000            0.144            9.779
          9.865           1.226            0.000            0.143            9.829
          9.914           1.224            0.000            0.142            9.879
          9.964           1.221            0.000            0.142            9.928
         10.013           1.219            0.000            0.142            9.978
         10.063           1.217            0.000            0.142           10.027
         10.113           1.215            0.000            0.142           10.077
         10.163           1.213            0.000            0.142           10.127
         10.213           1.212            0.000            0.142           10.177
         10.263           1.210            0.000            0.142           10.228
         10.313           1.208            0.000            0.142           10.278
         10.363           1.206            0.000            0.142           10.328
         10.413           1.204            0.000            0.142           10.378
         10.463           1.202            0.000            0.142           10.428
         10.514           1.200            0.000            0.142           10.478
         10.564           1.198            0.000            0.141           10.529
         10.614           1.196            0.000            0.141           10.579
         10.664           1.193            0.000            0.141           10.629
         10.715           1.191            0.000            0.140           10.680
         10.765           1.188            0.000            0.140           10.730
         10.815           1.186            0.000            0.139           10.780
         10.865           1.183            0.000            0.138           10.830
         10.915           1.181            0.000            0.138           10.880
         10.964           1.178            0.000            0.137           10.930
         11.014           1.176            0.000            0.137           10.979
         11.063           1.174            0.000            0.137           11.029
         11.113           1.172            0.000            0.137           11.079
         11.163           1.170            0.000            0.137           11.128
         11.213           1.169            0.000            0.137           11.178
         11.263           1.167            0.000            0.137           11.229
         11.313           1.165            0.000            0.137           11.279
         11.364           1.163            0.000            0.137           11.329
         11.414           1.161            0.000            0.137           11.380
         11.464           1.159            0.000            0.136           11.430
         11.514           1.157            0.000            0.136           11.480
         11.564           1.155            0.000            0.136           11.530
         11.614           1.153            0.000            0.136           11.580
         11.664           1.151            0.000            0.135           11.630
         11.715           1.148            0.000            0.135           11.681
         11.765           1.146            0.000            0.134           11.731
         11.815           1.143            0.000            0.134           11.781
         11.865           1.141            0.000            0.133           11.831
         11.915           1.139            0.000            0.133           11.881
         11.964           1.137            0.000            0.132           11.930
         12.013           1.135            0.000            0.132           11.980
         12.063           1.133            0.000            0.132           12.030
         12.113           1.131            0.000            0.133           12.080
         12.164           1.130            0.000            0.133           12.130
         12.214           1.128            0.000            0.133           12.180
         12.264           1.126            0.000            0.132           12.231
         12.314           1.124            0.000            0.132           12.281
         12.364           1.122            0.000            0.132           12.331
         12.414           1.120            0.000            0.132           12.381
         12.464           1.118            0.000            0.132           12.431
         12.514           1.116            0.000            0.131           12.481
         12.565           1.114            0.000            0.131           12.531
         12.615           1.111            0.000            0.131           12.582
         12.665           1.109            0.000            0.130           12.632
         12.715           1.107            0.000            0.130           12.682
         12.765           1.104            0.000            0.129           12.732
         12.815           1.102            0.000            0.129           12.782
         12.865           1.100            0.000            0.129           12.832
         12.914           1.098            0.000            0.128           12.881
         12.964           1.096            0.000            0.128           12.931
         13.014           1.095            0.000            0.128           12.981
         13.064           1.093            0.000            0.128           13.031
         13.114           1.091            0.000            0.128           13.081
         13.164           1.089            0.000            0.128           13.132
         13.215           1.087            0.000            0.128           13.182
         13.265           1.085            0.000            0.128           13.232
         13.315           1.083            0.000            0.128           13.282
         13.365           1.081            0.000            0.127           13.332
         13.415           1.079            0.000            0.127           13.382
         13.465           1.077            0.000            0.127           13.432
         13.515           1.075            0.000            0.127           13.482
         13.565           1.073            0.000            0.126           13.532
         13.615           1.071            0.000            0.126           13.582
         13.665           1.069            0.000            0.126           13.632
         13.715           1.067            0.000            0.126           13.682
         13.765           1.065            0.000            0.126           13.732
         13.815           1.064            0.000            0.126           13.783
         13.865           1.062            0.000            0.125           13.833
         13.915           1.060            0.000            0.125           13.883
         13.965           1.057            0.000            0.125           13.933
         14.015           1.055            0.000            0.124           13.983
         14.065           1.054            0.000            0.124           14.033
         14.114           1.052            0.000            0.124           14.082
         14.164           1.050            0.000            0.124           14.132
         14.214           1.049            0.000            0.124           14.182
         14.264           1.047            0.000            0.125           14.232
         14.315           1.045            0.000            0.125           14.283
         14.366           1.043            0.000            0.124           14.334
         14.416           1.041            0.000            0.124           14.384
         14.466           1.039            0.000            0.123           14.434
         14.516           1.037            0.000            0.123           14.484
         14.566           1.035            0.000            0.122           14.534
         14.615           1.033            0.000            0.122           14.584
         14.665           1.031            0.000            0.122           14.633
         14.715           1.029            0.000            0.122           14.683
         14.765           1.028            0.000            0.122           14.733
         14.815           1.026            0.000            0.122           14.783
         14.865           1.024            0.000            0.122           14.834
         14.916           1.022            0.000            0.122           14.884
         14.966           1.020            0.000            0.122           14.935
         15.016           1.018            0.000            0.121           14.985
         15.066           1.016            0.000            0.121           15.035
         15.115           1.014            0.000            0.120           15.084
         15.165           1.012            0.000            0.120           15.134
         15.214           1.011            0.000            0.121           15.183
         15.264           1.010            0.000            0.121           15.233
         15.314           1.008            0.000            0.121           15.283
         15.365           1.007            0.000            0.121           15.334
         15.416           1.005            0.000            0.121           15.384
         15.466           1.003            0.000            0.121           15.435
         15.517           1.001            0.000            0.121           15.486
         15.567           0.999            0.000            0.120           15.536
         15.617           0.996            0.000            0.119           15.586
         15.666           0.994            0.000            0.119           15.635
         15.715           0.992            0.000            0.118           15.685
         15.765           0.991            0.000            0.118           15.734
         15.814           0.990            0.000            0.119           15.783
         15.864           0.989            0.000            0.119           15.833
         15.914           0.987            0.000            0.120           15.883
         15.965           0.986            0.000            0.120           15.934
         16.016           0.985            0.000            0.120           15.985
         16.067           0.983            0.000            0.120           16.036
         16.117           0.980            0.000            0.120           16.086
         16.167           0.978            0.000            0.119           16.136
         16.217           0.976            0.000            0.118           16.186
         16.266           0.974            0.000            0.118           16.235
         16.315           0.973            0.000            0.118           16.285
         16.365           0.971            0.000            0.118           16.334
         16.415           0.970            0.000            0.119           16.384
         16.465           0.969            0.000            0.119           16.434
         16.515           0.968            0.000            0.119           16.485
         16.566           0.966            0.000            0.119           16.535
         16.616           0.964            0.000            0.119           16.586
         16.667           0.962            0.000            0.119           16.636
         16.717           0.960            0.000            0.119           16.686
         16.766           0.959            0.000            0.118           16.736
         16.816           0.957            0.000            0.118           16.786
         16.866           0.955            0.000            0.118           16.836
         16.916           0.954            0.000            0.118           16.885
         16.966           0.952            0.000            0.118           16.935
         17.016           0.951            0.000            0.118           16.986
         17.066           0.949            0.000            0.119           17.036
         17.116           0.948            0.000            0.118           17.086
         17.167           0.946            0.000            0.118           17.137
         17.217           0.944            0.000            0.118           17.187
         17.267           0.942            0.000            0.118           17.237
         17.317           0.941            0.000            0.117           17.287
         17.366           0.939            0.000            0.117           17.336
         17.416           0.937            0.000            0.117           17.386
         17.466           0.936            0.000            0.117           17.436
         17.516           0.935            0.000            0.117           17.486
         17.566           0.933            0.000            0.118           17.536
         17.616           0.932            0.000            0.118           17.586
         17.666           0.931            0.000            0.118           17.636
         17.716           0.929            0.000            0.118           17.686
         17.766           0.928            0.000            0.118           17.737
         17.817           0.926            0.000            0.118           17.787
         17.867           0.925            0.000            0.118           17.837
         17.917           0.923            0.000            0.118           17.887
         17.967           0.922            0.000            0.118           17.937
         18.017           0.920            0.000            0.118           17.987
         18.067           0.918            0.000            0.118           18.038
         18.117           0.917            0.000            0.118           18.088
         18.168           0.915            0.000            0.117           18.138
         18.217           0.913            0.000            0.117           18.188
         18.267           0.911            0.000            0.117           18.238
         18.317           0.910            0.000            0.116           18.288
         18.367           0.908            0.000            0.116           18.337
         18.417           0.907            0.000            0.116           18.387
         18.467           0.905            0.000            0.117           18.437
         18.517           0.904            0.000            0.117           18.487
         18.567           0.902            0.000            0.117           18.538
         18.617           0.901            0.000            0.117           18.588
         18.668           0.899            0.000            0.116           18.638
         18.718           0.897            0.000            0.116           18.689
         18.768           0.895            0.000            0.115           18.739
         18.818           0.893            0.000            0.115           18.789
         18.868           0.891            0.000            0.114           18.839
         18.918           0.889            0.000            0.114           18.889
         18.967           0.888            0.000            0.113           18.938
         19.017           0.886            0.000            0.113           18.988
         19.067           0.885            0.000            0.114           19.038
         19.117           0.884            0.000            0.114           19.088
         19.167           0.882            0.000            0.114           19.138
         19.217           0.881            0.000            0.114           19.188
         19.268           0.879            0.000            0.114           19.239
         19.318           0.878            0.000            0.113           19.289
         19.368           0.876            0.000            0.113           19.339
         19.418           0.874            0.000            0.113           19.389
         19.468           0.872            0.000            0.112           19.439
         19.518           0.871            0.000            0.112           19.489
         19.568           0.869            0.000            0.112           19.539
         19.618           0.867            0.000            0.111           19.589
         19.667           0.866            0.000            0.111           19.639
         19.717           0.865            0.000            0.111           19.689
         19.767           0.863            0.000            0.111           19.739
         19.818           0.862            0.000            0.111           19.789
         19.868           0.860            0.000            0.111           19.839
         19.918           0.859            0.000            0.111           19.890
         19.969           0.857            0.000            0.110           19.940
         20.019           0.855            0.000            0.110           19.990
         20.068           0.853            0.000            0.109           20.040
         20.118           0.851            0.000            0.109           20.089
         20.167           0.850            0.000            0.109           20.139
         20.217           0.849            0.000            0.109           20.188
         20.267           0.848            0.000            0.110           20.238
         20.317           0.847            0.000            0.110           20.288
         20.367           0.846            0.000            0.110           20.339
         20.418           0.845            0.000            0.111           20.389
         20.469           0.843            0.000            0.110           20.440
         20.519           0.841            0.000            0.110           20.491
         20.570           0.839            0.000            0.109           20.541
         20.620           0.837            0.000            0.108           20.591
         20.669           0.835            0.000            0.108           20.641
         20.719           0.833            0.000            0.107           20.691
         20.768           0.832            0.000            0.107           20.740
         20.818           0.830            0.000            0.107           20.789
         20.867           0.829            0.000            0.107           20.839
         20.917           0.828            0.000            0.107           20.889
         20.967           0.828            0.000            0.108           20.939
         21.017           0.827            0.000            0.108           20.989
         21.068           0.826            0.000            0.108           21.040
         21.119           0.824            0.000            0.108           21.090
         21.169           0.823            0.000            0.108           21.141
         21.220           0.821            0.000            0.107           21.192
         21.270           0.819            0.000            0.106           21.242
         21.320           0.816            0.000            0.106           21.292
         21.369           0.815            0.000            0.105           21.341
         21.419           0.813            0.000            0.104           21.391
         21.468           0.811            0.000            0.104           21.440
         21.517           0.810            0.000            0.105           21.490
         21.567           0.810            0.000            0.105           21.539
         21.617           0.809            0.000            0.106           21.589
         21.667           0.809            0.000            0.107           21.639
         21.717           0.808            0.000            0.107           21.689
         21.768           0.808            0.000            0.108           21.740
         21.819           0.806            0.000            0.108           21.791
         21.870           0.805            0.000            0.108           21.842
         21.920           0.803            0.000            0.107           21.892
         21.970           0.801            0.000            0.106           21.943
         22.020           0.799            0.000            0.105           21.993
         22.070           0.797            0.000            0.104           22.042
         22.119           0.795            0.000            0.104           22.092
         22.168           0.794            0.000            0.104           22.141
         22.218           0.793            0.000            0.104           22.190
         22.267           0.792            0.000            0.105           22.240
         22.317           0.792            0.000            0.105           22.289
         22.367           0.791            0.000            0.106           22.340
         22.418           0.791            0.000            0.107           22.390
         22.468           0.790            0.000            0.107           22.441
         22.519           0.789            0.000            0.107           22.491
         22.570           0.787            0.000            0.107           22.542
         22.620           0.786            0.000            0.106           22.593
         22.670           0.784            0.000            0.106           22.643
         22.720           0.782            0.000            0.105           22.693
         22.770           0.780            0.000            0.105           22.742
         22.819           0.779            0.000            0.104           22.792
         22.869           0.778            0.000            0.104           22.841
         22.918           0.777            0.000            0.104           22.891
         22.968           0.776            0.000            0.105           22.941
         23.018           0.775            0.000            0.105           22.990
         23.068           0.775            0.000            0.106           23.041
         23.118           0.774            0.000            0.106           23.091
         23.169           0.773            0.000            0.107           23.142
         23.220           0.772            0.000            0.107           23.192
         23.270           0.771            0.000            0.106           23.243
         23.320           0.769            0.000            0.106           23.293
         23.370           0.768            0.000            0.105           23.343
         23.420           0.766            0.000            0.105           23.393
         23.470           0.764            0.000            0.105           23.443
         23.520           0.763            0.000            0.104           23.492
         23.569           0.762            0.000            0.104           23.542
         23.619           0.761            0.000            0.105           23.591
         23.668           0.761            0.000            0.105           23.641
         23.718           0.760            0.000            0.106           23.691
         23.768           0.760            0.000            0.107           23.741
         23.818           0.760            0.000            0.107           23.791
         23.869           0.759            0.000            0.108           23.841
         23.919           0.758            0.000            0.108           23.892
         23.970           0.758            0.000            0.109           23.942
         24.020           0.757            0.000            0.109           23.993
         24.070           0.755            0.000            0.108           24.043
         24.121           0.754            0.000            0.108           24.093
         24.171           0.752            0.000            0.108           24.144
         24.221           0.751            0.000            0.107           24.193
         24.270           0.750            0.000            0.107           24.243
         24.320           0.748            0.000            0.107           24.293
         24.370           0.747            0.000            0.107           24.343
         24.419           0.747            0.000            0.107           24.392
         24.469           0.746            0.000            0.107           24.442
         24.519           0.745            0.000            0.108           24.492
         24.569           0.745            0.000            0.108           24.542
         24.620           0.744            0.000            0.108           24.592
         24.670           0.743            0.000            0.109           24.643
         24.720           0.742            0.000            0.109           24.693
         24.771           0.741            0.000            0.108           24.744
         24.821           0.740            0.000            0.108           24.794
         24.871           0.738            0.000            0.108           24.844
         24.921           0.737            0.000            0.107           24.894
         24.971           0.735            0.000            0.107           24.944
         25.021           0.734            0.000            0.106           24.994
         25.071           0.733            0.000            0.106           25.044
         25.120           0.732            0.000            0.106           25.093
         25.170           0.731            0.000            0.106           25.143
         25.220           0.730            0.000            0.106           25.193
         25.270           0.729            0.000            0.106           25.243
         25.320           0.728            0.000            0.106           25.293
         25.370           0.727            0.000            0.106           25.344
         25.421           0.726            0.000            0.106           25.394
         25.471           0.725            0.000            0.106           25.444
         25.521           0.724            0.000            0.106           25.494
         25.571           0.723            0.000            0.106           25.544
         25.621           0.722            0.000            0.106           25.594
         25.671           0.721            0.000            0.105           25.644
         25.721           0.719            0.000            0.105           25.694
         25.771           0.718            0.000            0.105           25.744
         25.821           0.717            0.000            0.105           25.794
         25.871           0.716            0.000            0.105           25.844
         25.920           0.716            0.000            0.105           25.894
         25.970           0.715            0.000            0.105           25.943
         26.020           0.714            0.000            0.106           25.993
         26.070           0.714            0.000            0.106           26.043
         26.120           0.713            0.000            0.106           26.093
         26.170           0.713            0.000            0.107           26.143
         26.220           0.712            0.000            0.107           26.194
         26.270           0.712            0.000            0.107           26.244
         26.321           0.711            0.000            0.108           26.294
         26.371           0.710            0.000            0.108           26.344
         26.421           0.709            0.000            0.108           26.394
         26.471           0.708            0.000            0.108           26.445
         26.521           0.707            0.000            0.107           26.495
         26.571           0.706            0.000            0.107           26.545
         26.622           0.705            0.000            0.107           26.595
         26.672           0.704            0.000            0.107           26.645
         26.722           0.703            0.000            0.107           26.695
         26.772           0.702            0.000            0.107           26.745
         26.822           0.701            0.000            0.107           26.795
         26.872           0.700            0.000            0.106           26.845
         26.921           0.700            0.000            0.106           26.895
         26.971           0.699            0.000            0.106           26.945
         27.021           0.698            0.000            0.106           26.995
         27.071           0.697            0.000            0.106           27.045
         27.121           0.696            0.000            0.107           27.095
         27.171           0.696            0.000            0.107           27.145
         27.221           0.695            0.000            0.107           27.195
         27.271           0.695            0.000            0.107           27.245
         27.322           0.694            0.000            0.107           27.295
         27.372           0.693            0.000            0.107           27.345
         27.422           0.692            0.000            0.107           27.396
         27.472           0.691            0.000            0.107           27.446
         27.522           0.690            0.000            0.106           27.496
         27.573           0.689            0.000            0.106           27.546
         27.622           0.688            0.000            0.106           27.596
         27.672           0.686            0.000            0.105           27.646
         27.722           0.685            0.000            0.105           27.696
         27.772           0.685            0.000            0.105           27.745
         27.822           0.684            0.000            0.105           27.795
         27.872           0.683            0.000            0.105           27.845
         27.922           0.683            0.000            0.105           27.895
         27.972           0.682            0.000            0.105           27.946
         28.022           0.681            0.000            0.105           27.996
         28.073           0.680            0.000            0.105           28.046
         28.123           0.679            0.000            0.104           28.096
         28.173           0.678            0.000            0.104           28.146
         28.223           0.677            0.000            0.104           28.196
         28.273           0.676            0.000            0.103           28.246
         28.322           0.675            0.000            0.103           28.296
         28.372           0.674            0.000            0.103           28.346
         28.422           0.673            0.000            0.103           28.396
         28.472           0.673            0.000            0.103           28.445
         28.522           0.672            0.000            0.103           28.495
         28.572           0.672            0.000            0.103           28.545
         28.622           0.671            0.000            0.104           28.595
         28.672           0.671            0.000            0.104           28.646
         28.722           0.670            0.000            0.104           28.696
         28.772           0.669            0.000            0.104           28.746
         28.823           0.669            0.000            0.104           28.796
         28.873           0.668            0.000            0.104           28.846
         28.923           0.667            0.000            0.103           28.897
         28.973           0.666            0.000            0.103           28.947
         29.023           0.665            0.000            0.103           28.997
         29.073           0.664            0.000            0.103           29.047
         29.123           0.663            0.000            0.102           29.097
         29.173           0.662            0.000            0.102           29.147
         29.223           0.661            0.000            0.102           29.197
         29.273           0.660            0.000            0.102           29.247
         29.323           0.660            0.000            0.101           29.297
         29.373           0.659            0.000            0.101           29.347
         29.423           0.658            0.000            0.101           29.397
         29.473           0.657            0.000            0.101           29.446
         29.523           0.657            0.000            0.101           29.496
         29.573           0.656            0.000            0.101           29.547
         29.623           0.656            0.000            0.101           29.597
         29.673           0.655            0.000            0.101           29.647
         29.723           0.654            0.000            0.101           29.697
         29.774           0.653            0.000            0.100           29.747
         29.824           0.652            0.000            0.100           29.797
         29.874           0.651            0.000            0.100           29.847
         29.924           0.650            0.000            0.099           29.897
         29.973           0.649            0.000            0.099           29.947
         30.023           0.649            0.000            0.099           29.997
         30.073           0.648            0.000            0.099           30.047
         30.123           0.648            0.000            0.099           30.097
         30.173           0.647            0.000            0.099           30.147
         30.223           0.647            0.000            0.099           30.197
         30.273           0.646            0.000            0.099           30.247
         30.323           0.646            0.000            0.099           30.297
         30.373           0.645            0.000            0.099           30.347
         30.424           0.644            0.000            0.099           30.397
         30.474           0.644            0.000            0.099           30.448
         30.524           0.643            0.000            0.098           30.498
         30.574           0.642            0.000            0.098           30.548
         30.624           0.641            0.000            0.098           30.598
         30.674           0.640            0.000            0.098           30.648
         30.723           0.640            0.000            0.098           30.697
         30.773           0.639            0.000            0.098           30.747
         30.823           0.639            0.000            0.098           30.797
         30.873           0.638            0.000            0.098           30.847
         30.923           0.638            0.000            0.098           30.897
         30.974           0.637            0.000            0.098           30.947
         31.024           0.637            0.000            0.098           30.998
         31.074           0.636            0.000            0.097           31.048
         31.124           0.636            0.000            0.097           31.098
         31.174           0.635            0.000            0.097           31.148
         31.224           0.634            0.000            0.097           31.198
         31.274           0.634            0.000            0.097           31.248
         31.324           0.633            0.000            0.097           31.298
         31.374           0.633            0.000            0.097           31.348
         31.424           0.632            0.000            0.097           31.398
         31.474           0.631            0.000            0.096           31.448
         31.524           0.631            0.000            0.096           31.498
         31.574           0.630            0.000            0.096           31.548
         31.624           0.629            0.000            0.096           31.598
         31.674           0.629            0.000            0.096           31.648
         31.724           0.628            0.000            0.095           31.698
         31.774           0.628            0.000            0.095           31.748
         31.824           0.627            0.000            0.095           31.798
         31.874           0.626            0.000            0.095           31.848
         31.924           0.626            0.000            0.095           31.898
         31.974           0.625            0.000            0.094           31.948
         32.024           0.624            0.000            0.094           31.998
         32.074           0.624            0.000            0.094           32.048
         32.124           0.623            0.000            0.094           32.098
         32.175           0.623            0.000            0.094           32.149
         32.225           0.622            0.000            0.093           32.199
         32.275           0.621            0.000            0.093           32.249
         32.325           0.621            0.000            0.093           32.299
         32.375           0.620            0.000            0.092           32.349
         32.425           0.619            0.000            0.092           32.399
         32.474           0.619            0.000            0.092           32.448
         32.524           0.618            0.000            0.092           32.498
         32.574           0.618            0.000            0.092           32.548
         32.624           0.618            0.000            0.092           32.598
         32.674           0.618            0.000            0.092           32.648
         32.724           0.618            0.000            0.093           32.698
         32.774           0.617            0.000            0.093           32.748
         32.824           0.617            0.000            0.093           32.798
         32.875           0.617            0.000            0.093           32.849
         32.925           0.616            0.000            0.093           32.899
         32.975           0.615            0.000            0.092           32.949
         33.026           0.615            0.000            0.092           33.000
         33.076           0.614            0.000            0.091           33.050
         33.125           0.613            0.000            0.091           33.100
         33.175           0.612            0.000            0.091           33.149
         33.225           0.612            0.000            0.090           33.199
         33.274           0.611            0.000            0.090           33.249
         33.324           0.611            0.000            0.091           33.298
         33.374           0.611            0.000            0.091           33.348
         33.424           0.611            0.000            0.091           33.398
         33.475           0.611            0.000            0.092           33.449
         33.525           0.611            0.000            0.092           33.499
         33.575           0.611            0.000            0.092           33.549
         33.626           0.610            0.000            0.091           33.600
         33.676           0.609            0.000            0.091           33.650
         33.726           0.609            0.000            0.091           33.700
         33.775           0.608            0.000            0.090           33.749
         33.825           0.608            0.000            0.090           33.799
         33.875           0.608            0.000            0.090           33.849
         33.925           0.608            0.000            0.090           33.899
         33.975           0.607            0.000            0.091           33.949
         34.025           0.607            0.000            0.091           33.999
         34.076           0.607            0.000            0.091           34.050
         34.126           0.606            0.000            0.090           34.100
         34.176           0.606            0.000            0.090           34.150
         34.226           0.605            0.000            0.089           34.200
         34.276           0.604            0.000            0.089           34.250
         34.326           0.603            0.000            0.088           34.300
         34.376           0.603            0.000            0.088           34.350
         34.426           0.602            0.000            0.088           34.400
         34.475           0.602            0.000            0.088           34.450
         34.525           0.602            0.000            0.088           34.499
         34.575           0.602            0.000            0.088           34.549
         34.625           0.602            0.000            0.088           34.600
         34.676           0.601            0.000            0.088           34.650
         34.726           0.601            0.000            0.088           34.700
         34.776           0.601            0.000            0.088           34.750
         34.826           0.600            0.000            0.087           34.801
         34.876           0.599            0.000            0.087           34.851
         34.926           0.599            0.000            0.087           34.900
         34.976           0.598            0.000            0.086           34.950
         35.026           0.598            0.000            0.086           35.000
         35.076           0.598            0.000            0.086           35.050
         35.125           0.598            0.000            0.087           35.100
         35.175           0.598            0.000            0.087           35.150
         35.226           0.598            0.000            0.087           35.200
         35.276           0.598            0.000            0.088           35.250
         35.326           0.598            0.000            0.088           35.300
         35.376           0.598            0.000            0.087           35.351
         35.427           0.597            0.000            0.087           35.401
         35.477           0.596            0.000            0.087           35.451
         35.527           0.596            0.000            0.086           35.501
         35.576           0.596            0.000            0.086           35.551
         35.626           0.595            0.000            0.086           35.600
         35.676           0.595            0.000            0.086           35.650
         35.726           0.596            0.000            0.087           35.700
         35.776           0.596            0.000            0.087           35.750
         35.826           0.596            0.000            0.087           35.800
         35.876           0.596            0.000            0.087           35.851
         35.927           0.595            0.000            0.087           35.901
         35.977           0.595            0.000            0.087           35.951
         36.028           0.594            0.000            0.086           36.002
         36.078           0.593            0.000            0.086           36.052
         36.127           0.593            0.000            0.085           36.101
         36.177           0.592            0.000            0.085           36.151
         36.226           0.592            0.000            0.085           36.200
         36.276           0.592            0.000            0.085           36.250
         36.325           0.593            0.000            0.086           36.300
         36.376           0.593            0.000            0.087           36.350
         36.426           0.594            0.000            0.087           36.400
         36.476           0.594            0.000            0.087           36.451
         36.527           0.594            0.000            0.087           36.501
         36.578           0.593            0.000            0.087           36.552
         36.628           0.592            0.000            0.086           36.602
         36.678           0.591            0.000            0.086           36.652
         36.728           0.591            0.000            0.085           36.702
         36.777           0.590            0.000            0.085           36.752
         36.827           0.590            0.000            0.084           36.801
         36.876           0.590            0.000            0.085           36.851
         36.926           0.590            0.000            0.085           36.900
         36.976           0.591            0.000            0.086           36.950
         37.027           0.591            0.000            0.086           37.001
         37.077           0.591            0.000            0.086           37.051
         37.128           0.591            0.000            0.086           37.102
         37.178           0.590            0.000            0.086           37.153
         37.229           0.589            0.000            0.085           37.203
         37.278           0.588            0.000            0.084           37.253
         37.328           0.588            0.000            0.083           37.302
         37.378           0.587            0.000            0.083           37.352
         37.427           0.587            0.000            0.083           37.401
         37.477           0.587            0.000            0.083           37.451
         37.527           0.588            0.000            0.084           37.501
         37.577           0.588            0.000            0.084           37.551
         37.627           0.588            0.000            0.084           37.602
         37.678           0.588            0.000            0.084           37.652
         37.728           0.588            0.000            0.084           37.703
         37.779           0.587            0.000            0.083           37.753
         37.829           0.586            0.000            0.083           37.803
         37.878           0.586            0.000            0.082           37.853
         37.928           0.585            0.000            0.082           37.902
         37.978           0.585            0.000            0.082           37.952
         38.027           0.585            0.000            0.082           38.002
         38.077           0.585            0.000            0.082           38.051
         38.127           0.586            0.000            0.083           38.101
         38.177           0.586            0.000            0.083           38.152
         38.228           0.586            0.000            0.083           38.202
         38.278           0.586            0.000            0.083           38.253
         38.329           0.585            0.000            0.083           38.303
         38.379           0.585            0.000            0.082           38.353
         38.429           0.584            0.000            0.082           38.403
         38.479           0.584            0.000            0.081           38.453
         38.528           0.583            0.000            0.081           38.503
         38.578           0.583            0.000            0.081           38.552
         38.628           0.583            0.000            0.081           38.602
         38.678           0.583            0.000            0.081           38.652
         38.728           0.583            0.000            0.081           38.702
         38.778           0.584            0.000            0.082           38.752
         38.828           0.584            0.000            0.082           38.802
         38.878           0.584            0.000            0.082           38.853
         38.929           0.584            0.000            0.082           38.903
         38.979           0.583            0.000            0.082           38.953
         39.029           0.583            0.000            0.081           39.003
         39.079           0.583            0.000            0.081           39.053
         39.129           0.582            0.000            0.081           39.103
         39.179           0.582            0.000            0.081           39.153
         39.229           0.582            0.000            0.081           39.203
         39.279           0.582            0.000            0.081           39.253
         39.328           0.582            0.000            0.081           39.303
         39.378           0.582            0.000            0.081           39.353
         39.428           0.582            0.000            0.081           39.403
         39.478           0.583            0.000            0.081           39.453
         39.529           0.583            0.000            0.081           39.503
         39.579           0.583            0.000            0.082           39.553
         39.629           0.583            0.000            0.082           39.603
         39.679           0.583            0.000            0.081           39.654
         39.729           0.582            0.000            0.081           39.704
         39.780           0.582            0.000            0.081           39.754
         39.830           0.581            0.000            0.080           39.804
         39.880           0.581            0.000            0.080           39.854
         39.929           0.581            0.000            0.080           39.904
         39.979           0.581            0.000            0.080           39.953
         40.029           0.581            0.000            0.080           40.003
         40.079           0.581            0.000            0.080           40.053
         40.129           0.581            0.000            0.081           40.103
         40.179           0.582            0.000            0.081           40.153
         40.229           0.582            0.000            0.081           40.204
         40.280           0.582            0.000            0.081           40.254
         40.330           0.581            0.000            0.080           40.304
         40.380           0.581            0.000            0.080           40.354
         40.430           0.580            0.000            0.080           40.404
         40.479           0.580            0.000            0.080           40.454
         40.529           0.580            0.000            0.080           40.503
         40.579           0.581            0.000            0.080           40.553
         40.629           0.581            0.000            0.080           40.603
         40.679           0.581            0.000            0.080           40.654
         40.730           0.581            0.000            0.080           40.704
         40.780           0.581            0.000            0.080           40.754
         40.830           0.581            0.000            0.080           40.804
         40.880           0.580            0.000            0.080           40.854
         40.930           0.580            0.000            0.079           40.904
         40.980           0.580            0.000            0.080           40.954
         41.029           0.580            0.000            0.080           41.004
         41.079           0.581            0.000            0.080           41.054
         41.129           0.581            0.000            0.081           41.104
         41.180           0.581            0.000            0.081           41.154
         41.231           0.581            0.000            0.080           41.205
         41.281           0.581            0.000            0.080           41.255
         41.331           0.580            0.000            0.079           41.305
         41.381           0.580            0.000            0.079           41.355
         41.430           0.579            0.000            0.079           41.404
         41.479           0.580            0.000            0.079           41.454
         41.529           0.580            0.000            0.080           41.503
         41.579           0.581            0.000            0.081           41.553
         41.630           0.582            0.000            0.081           41.604
         41.680           0.582            0.000            0.081           41.655
         41.731           0.582            0.000            0.081           41.705
         41.781           0.581            0.000            0.081           41.756
         41.831           0.581            0.000            0.080           41.806
         41.881           0.580            0.000            0.080           41.855
         41.931           0.580            0.000            0.079           41.905
         41.980           0.580            0.000            0.079           41.954
         42.030           0.580            0.000            0.080           42.004
         42.080           0.581            0.000            0.080           42.054
         42.130           0.581            0.000            0.081           42.104
         42.180           0.582            0.000            0.081           42.155
         42.231           0.582            0.000            0.081           42.205
         42.281           0.582            0.000            0.081           42.255
         42.331           0.582            0.000            0.081           42.306
         42.381           0.581            0.000            0.081           42.356
         42.431           0.581            0.000            0.080           42.406
         42.481           0.581            0.000            0.080           42.456
         42.531           0.580            0.000            0.080           42.505
         42.581           0.580            0.000            0.080           42.555
         42.631           0.580            0.000            0.080           42.605
         42.681           0.581            0.000            0.080           42.655
         42.731           0.581            0.000            0.080           42.705
         42.781           0.581            0.000            0.080           42.756
         42.832           0.580            0.000            0.080           42.806
         42.882           0.580            0.000            0.079           42.856
         42.932           0.580            0.000            0.079           42.906
         42.982           0.579            0.000            0.079           42.956
         43.032           0.579            0.000            0.078           43.006
         43.081           0.579            0.000            0.078           43.056
         43.131           0.579            0.000            0.078           43.105
         43.181           0.579            0.000            0.078           43.156
         43.232           0.579            0.000            0.078           43.206
         43.282           0.579            0.000            0.078           43.256
         43.332           0.578            0.000            0.078           43.307
         43.382           0.578            0.000            0.077           43.357
         43.432           0.577            0.000            0.077           43.407
         43.482           0.577            0.000            0.076           43.456
         43.532           0.577            0.000            0.076           43.506
         43.582           0.577            0.000            0.076           43.556
         43.632           0.577            0.000            0.076           43.606
         43.682           0.577            0.000            0.076           43.656
         43.732           0.577            0.000            0.076           43.706
         43.782           0.576            0.000            0.076           43.756
         43.832           0.576            0.000            0.076           43.807
         43.882           0.576            0.000            0.075           43.857
         43.932           0.576            0.000            0.075           43.907
         43.982           0.576            0.000            0.075           43.957
         44.032           0.575            0.000            0.075           44.006
         44.082           0.576            0.000            0.075           44.056
         44.132           0.576            0.000            0.075           44.106
         44.182           0.576            0.000            0.075           44.156
         44.232           0.576            0.000            0.075           44.206
         44.282           0.576            0.000            0.075           44.257
         44.332           0.576            0.000            0.075           44.307
         44.382           0.576            0.000            0.075           44.357
         44.433           0.576            0.000            0.075           44.407
         44.483           0.576            0.000            0.075           44.457
         44.533           0.575            0.000            0.075           44.507
         44.582           0.575            0.000            0.075           44.557
         44.632           0.575            0.000            0.075           44.607
         44.682           0.575            0.000            0.075           44.657
         44.732           0.575            0.000            0.075           44.707
         44.783           0.575            0.000            0.075           44.757
         44.833           0.575            0.000            0.075           44.807
         44.883           0.575            0.000            0.075           44.857
         44.933           0.575            0.000            0.075           44.907
         44.983           0.576            0.000            0.075           44.957
         45.033           0.576            0.000            0.075           45.007
         45.083           0.576            0.000            0.075           45.057
         45.133           0.576            0.000            0.075           45.107
         45.183           0.576            0.000            0.076           45.157
         45.233           0.576            0.000            0.076           45.207
         45.283           0.576            0.000            0.076           45.257
         45.333           0.576            0.000            0.076           45.307
         45.383           0.576            0.000            0.076           45.357
         45.433           0.576            0.000            0.076           45.407
         45.483           0.576            0.000            0.076           45.457
         45.533           0.576            0.000            0.076           45.507
         45.583           0.577            0.000            0.076           45.557
         45.633           0.577            0.000            0.076           45.608
         45.683           0.577            0.000            0.076           45.658
         45.733           0.576            0.000            0.076           45.708
         45.783           0.576            0.000            0.076           45.758
         45.833           0.576            0.000            0.076           45.808
         45.883           0.576            0.000            0.076           45.858
         45.933           0.577            0.000            0.076           45.907
         45.983           0.577            0.000            0.076           45.957
         46.033           0.577            0.000            0.076           46.008
         46.083           0.577            0.000            0.077           46.058
         46.134           0.577            0.000            0.077           46.108
         46.184           0.577            0.000            0.077           46.158
         46.234           0.577            0.000            0.076           46.208
         46.284           0.577            0.000            0.076           46.258
         46.334           0.577            0.000            0.077           46.308
         46.384           0.577            0.000            0.077           46.358
         46.434           0.577            0.000            0.077           46.408
         46.484           0.577            0.000            0.077           46.458
         46.534           0.577            0.000            0.077           46.508
         46.584           0.577            0.000            0.077           46.558
         46.634           0.577            0.000            0.077           46.608
         46.684           0.577            0.000            0.077           46.658
         46.734           0.577            0.000            0.077           46.708
         46.784           0.577            0.000            0.077           46.758
         46.834           0.577            0.000            0.077           46.808
         46.884           0.577            0.000            0.077           46.858
         46.934           0.577            0.000            0.077           46.908
         46.984           0.577            0.000            0.077           46.958
         47.034           0.577            0.000            0.077           47.008
         47.084           0.577            0.000            0.077           47.058
         47.134           0.578            0.000            0.077           47.109
         47.184           0.578            0.000            0.077           47.159
         47.234           0.578            0.000            0.077           47.209
         47.285           0.577            0.000            0.077           47.259
         47.335           0.577            0.000            0.077           47.309
         47.385           0.577            0.000            0.077           47.359
         47.434           0.577            0.000            0.077           47.409
         47.484           0.577            0.000            0.077           47.459
         47.534           0.577            0.000            0.077           47.509
         47.584           0.577            0.000            0.077           47.559
         47.634           0.578            0.000            0.077           47.609
         47.685           0.578            0.000            0.077           47.659
         47.735           0.578            0.000            0.077           47.709
         47.785           0.578            0.000            0.077           47.759
         47.835           0.578            0.000            0.077           47.809
         47.885           0.578            0.000            0.078           47.859
         47.935           0.578            0.000            0.078           47.909
         47.985           0.578            0.000            0.078           47.959
         48.035           0.578            0.000            0.078           48.009
         48.085           0.578            0.000            0.078           48.059
         48.135           0.578            0.000            0.078           48.109
         48.185           0.578            0.000            0.077           48.159
         48.235           0.578            0.000            0.077           48.209
         48.285           0.578            0.000            0.078           48.259
         48.335           0.578            0.000            0.078           48.309
         48.385           0.578            0.000            0.078           48.360
         48.435           0.578            0.000            0.078           48.410
         48.485           0.578            0.000            0.078           48.460
         48.535           0.578            0.000            0.077           48.510
         48.585           0.578            0.000            0.077           48.560
         48.635           0.578            0.000            0.077           48.610
         48.685           0.578            0.000            0.078           48.660
         48.735           0.578            0.000            0.078           48.710
         48.785           0.578            0.000            0.078           48.760
         48.835           0.578            0.000            0.078           48.810
         48.885           0.578            0.000            0.078           48.860
         48.935           0.578            0.000            0.078           48.910
         48.985           0.578            0.000            0.078           48.960
         49.036           0.578            0.000            0.078           49.010
         49.086           0.578            0.000            0.078           49.060
         49.136           0.579            0.000            0.078           49.110
         49.186           0.578            0.000            0.078           49.160
         49.236           0.578            0.000            0.078           49.210
         49.286           0.578            0.000            0.078           49.260
         49.336           0.579            0.000            0.078           49.310
         49.386           0.579            0.000            0.079           49.360
         49.436           0.579            0.000            0.079           49.410
         49.486           0.579            0.000            0.079           49.460
         49.536           0.579            0.000            0.079           49.510
         49.586           0.580            0.000            0.080           49.560
         49.636           0.580            0.000            0.080           49.610
         49.686           0.580            0.000            0.080           49.660
         49.736           0.580            0.000            0.080           49.710
         49.786           0.580            0.000            0.080           49.760
         49.836           0.580            0.000            0.080           49.810
         49.886           0.580            0.000            0.080           49.860
         49.936           0.581            0.000            0.081           49.910
         49.986           0.581            0.000            0.081           49.960
         50.036           0.581            0.000            0.081           50.010
         50.086           0.582            0.000            0.082           50.060
         50.136           0.582            0.000            0.082           50.110
         50.186           0.582            0.000            0.082           50.161
         50.236           0.582            0.000            0.083           50.211
         50.286           0.583            0.000            0.083           50.261
         50.336           0.583            0.000            0.083           50.311
         50.386           0.583            0.000            0.083           50.361
         50.436           0.583            0.000            0.083           50.410
         50.486           0.584            0.000            0.084           50.460
         50.536           0.584            0.000            0.084           50.510
         50.586           0.584            0.000            0.085           50.561
         50.636           0.585            0.000            0.085           50.611
         50.687           0.585            0.000            0.085           50.661
         50.737           0.585            0.000            0.085           50.711
         50.787           0.585            0.000            0.085           50.761
         50.837           0.585            0.000            0.085           50.811
         50.887           0.585            0.000            0.085           50.861
         50.937           0.585            0.000            0.085           50.911
         50.986           0.586            0.000            0.086           50.961
         51.036           0.586            0.000            0.086           51.011
         51.086           0.586            0.000            0.087           51.061
         51.136           0.587            0.000            0.087           51.111
         51.186           0.587            0.000            0.088           51.161
         51.237           0.588            0.000            0.088           51.211
         51.287           0.588            0.000            0.088           51.261
         51.337           0.588            0.000            0.089           51.311
         51.387           0.589            0.000            0.089           51.361
         51.436           0.589            0.000            0.089           51.411
         51.486           0.590            0.000            0.090           51.461
         51.537           0.590            0.000            0.091           51.511
         51.587           0.591            0.000            0.091           51.561
         51.637           0.591            0.000            0.091           51.611
         51.687           0.591            0.000            0.092           51.662
         51.737           0.592            0.000            0.092           51.712
         51.787           0.592            0.000            0.092           51.762
         51.837           0.592            0.000            0.092           51.812
         51.887           0.592            0.000            0.092           51.862
         51.937           0.593            0.000            0.093           51.912
         51.987           0.593            0.000            0.093           51.962
         52.038           0.593            0.000            0.093           52.012
         52.088           0.593            0.000            0.093           52.062
         52.138           0.593            0.000            0.093           52.112
         52.188           0.593            0.000            0.093           52.162
         52.238           0.593            0.000            0.093           52.212
         52.288           0.593            0.000            0.094           52.262
         52.338           0.593            0.000            0.094           52.312
         52.388           0.593            0.000            0.094           52.362
         52.438           0.593            0.000            0.094           52.413
         52.489           0.593            0.000            0.093           52.463
         52.539           0.593            0.000            0.093           52.513
         52.589           0.593            0.000            0.093           52.563
         52.639           0.592            0.000            0.092           52.614
         52.689           0.592            0.000            0.092           52.664
         52.739           0.591            0.000            0.092           52.714
         52.789           0.591            0.000            0.091           52.763
         52.839           0.591            0.000            0.091           52.813
         52.889           0.590            0.000            0.091           52.863
         52.939           0.590            0.000            0.091           52.913
         52.989           0.590            0.000            0.090           52.963
         53.039           0.590            0.000            0.090           53.014
         53.089           0.589            0.000            0.090           53.064
         53.140           0.589            0.000            0.089           53.114
         53.190           0.589            0.000            0.089           53.164
         53.240           0.588            0.000            0.088           53.214
         53.290           0.588            0.000            0.088           53.264
         53.340           0.587            0.000            0.088           53.314
         53.390           0.587            0.000            0.087           53.364
         53.439           0.586            0.000            0.087           53.414
         53.489           0.586            0.000            0.086           53.464
         53.539           0.586            0.000            0.086           53.514
         53.590           0.585            0.000            0.086           53.564
         53.640           0.585            0.000            0.085           53.614
         53.690           0.585            0.000            0.085           53.664
         53.740           0.584            0.000            0.085           53.714
         53.790           0.584            0.000            0.084           53.764
         53.840           0.584            0.000            0.084           53.814
         53.890           0.583            0.000            0.084           53.864
         53.940           0.583            0.000            0.083           53.914
         53.990           0.583            0.000            0.083           53.964
         54.039           0.583            0.000            0.083           54.014
         54.089           0.582            0.000            0.083           54.064
         54.139           0.582            0.000            0.083           54.114
         54.190           0.582            0.000            0.083           54.164
         54.240           0.582            0.000            0.083           54.214
         54.290           0.582            0.000            0.083           54.264
         54.340           0.582            0.000            0.082           54.315
         54.390           0.581            0.000            0.082           54.365
         54.440           0.581            0.000            0.082           54.414
         54.487           0.582            0.000            0.082           54.461
         54.538           0.584            0.000            0.084           54.512
