           X               Y                Z                A                C
          0.034           1.484            0.000            0.158            0.000
          0.083           1.473            0.000            0.154            0.050
          0.132           1.462            0.000            0.149            0.100
          0.181           1.452            0.000            0.145            0.150
          0.229           1.441            0.000            0.140            0.200
          0.278           1.431            0.000            0.135            0.249
          0.326           1.421            0.000            0.130            0.299
          0.374           1.411            0.000            0.125            0.348
          0.423           1.402            0.000            0.120            0.397
          0.471           1.393            0.000            0.115            0.446
          0.520           1.384            0.000            0.110            0.496
          0.568           1.376            0.000            0.104            0.545
          0.617           1.367            0.000            0.099            0.595
          0.666           1.359            0.000            0.094            0.644
          0.715           1.351            0.000            0.088            0.694
          0.763           1.343            0.000            0.082            0.743
          0.812           1.336            0.000            0.077            0.792
          0.861           1.328            0.000            0.071            0.842
          0.910           1.321            0.000            0.066            0.891
          0.959           1.315            0.000            0.061            0.940
          1.007           1.309            0.000            0.057            0.989
          1.056           1.303            0.000            0.053            1.039
          1.106           1.298            0.000            0.050            1.088
          1.155           1.294            0.000            0.047            1.138
          1.204           1.289            0.000            0.044            1.187
          1.254           1.286            0.000            0.042            1.237
          1.303           1.282            0.000            0.040            1.287
          1.353           1.279            0.000            0.039            1.336
          1.403           1.277            0.000            0.037            1.386
          1.453           1.274            0.000            0.036            1.436
          1.503           1.271            0.000            0.035            1.486
          1.553           1.269            0.000            0.035            1.536
          1.602           1.267            0.000            0.034            1.586
          1.652           1.265            0.000            0.034            1.636
          1.702           1.264            0.000            0.034            1.686
          1.752           1.262            0.000            0.034            1.735
          1.802           1.261            0.000            0.035            1.785
          1.852           1.261            0.000            0.036            1.835
          1.901           1.260            0.000            0.037            1.885
          1.951           1.260            0.000            0.038            1.935
          2.001           1.260            0.000            0.040            1.985
          2.051           1.260            0.000            0.041            2.035
          2.101           1.260            0.000            0.043            2.085
          2.151           1.260            0.000            0.045            2.135
          2.201           1.261            0.000            0.047            2.185
          2.251           1.261            0.000            0.049            2.235
          2.301           1.262            0.000            0.051            2.285
          2.351           1.262            0.000            0.053            2.335
          2.401           1.262            0.000            0.054            2.385
          2.451           1.262            0.000            0.056            2.435
          2.501           1.263            0.000            0.058            2.485
          2.551           1.263            0.000            0.060            2.535
          2.601           1.263            0.000            0.062            2.585
          2.651           1.264            0.000            0.064            2.635
          2.701           1.264            0.000            0.066            2.685
          2.751           1.264            0.000            0.067            2.735
          2.801           1.265            0.000            0.069            2.785
          2.851           1.265            0.000            0.071            2.835
          2.901           1.265            0.000            0.073            2.885
          2.951           1.266            0.000            0.075            2.935
          3.002           1.266            0.000            0.077            2.985
          3.052           1.266            0.000            0.079            3.035
          3.102           1.266            0.000            0.080            3.086
          3.152           1.266            0.000            0.081            3.136
          3.203           1.266            0.000            0.083            3.186
          3.253           1.265            0.000            0.084            3.236
          3.303           1.265            0.000            0.085            3.286
          3.353           1.265            0.000            0.086            3.337
          3.403           1.264            0.000            0.087            3.387
          3.453           1.264            0.000            0.088            3.437
          3.503           1.263            0.000            0.089            3.487
          3.553           1.263            0.000            0.091            3.537
          3.603           1.262            0.000            0.092            3.587
          3.653           1.262            0.000            0.093            3.637
          3.703           1.262            0.000            0.094            3.687
          3.753           1.261            0.000            0.095            3.737
          3.804           1.261            0.000            0.096            3.787
          3.854           1.260            0.000            0.097            3.837
          3.904           1.259            0.000            0.097            3.888
          3.954           1.258            0.000            0.098            3.938
          4.005           1.257            0.000            0.099            3.988
          4.055           1.256            0.000            0.099            4.039
          4.105           1.255            0.000            0.099            4.089
          4.155           1.253            0.000            0.099            4.139
          4.205           1.252            0.000            0.099            4.189
          4.255           1.251            0.000            0.100            4.239
          4.305           1.249            0.000            0.100            4.289
          4.355           1.248            0.000            0.100            4.339
          4.405           1.247            0.000            0.100            4.389
          4.455           1.246            0.000            0.101            4.439
          4.505           1.245            0.000            0.101            4.489
          4.555           1.244            0.000            0.102            4.539
          4.605           1.243            0.000            0.102            4.589
          4.655           1.242            0.000            0.102            4.639
          4.705           1.241            0.000            0.103            4.689
          4.756           1.239            0.000            0.103            4.740
          4.806           1.238            0.000            0.103            4.790
          4.856           1.236            0.000            0.103            4.840
          4.907           1.235            0.000            0.103            4.891
          4.957           1.233            0.000            0.103            4.941
          5.007           1.231            0.000            0.103            4.991
          5.057           1.230            0.000            0.102            5.041
          5.107           1.228            0.000            0.102            5.091
          5.156           1.226            0.000            0.102            5.141
          5.206           1.225            0.000            0.102            5.190
          5.256           1.223            0.000            0.102            5.240
          5.306           1.222            0.000            0.102            5.290
          5.356           1.221            0.000            0.102            5.340
          5.406           1.219            0.000            0.102            5.390
          5.456           1.218            0.000            0.102            5.440
          5.506           1.217            0.000            0.102            5.491
          5.557           1.215            0.000            0.102            5.541
          5.607           1.213            0.000            0.102            5.591
          5.657           1.212            0.000            0.102            5.642
          5.708           1.210            0.000            0.101            5.692
          5.758           1.208            0.000            0.101            5.742
          5.808           1.206            0.000            0.100            5.792
          5.858           1.203            0.000            0.099            5.842
          5.908           1.201            0.000            0.099            5.892
          5.957           1.199            0.000            0.098            5.942
          6.007           1.198            0.000            0.098            5.992
          6.057           1.196            0.000            0.098            6.042
          6.107           1.194            0.000            0.098            6.091
          6.156           1.193            0.000            0.098            6.141
          6.206           1.192            0.000            0.098            6.191
          6.256           1.191            0.000            0.098            6.241
          6.306           1.189            0.000            0.098            6.291
          6.356           1.188            0.000            0.098            6.341
          6.407           1.187            0.000            0.098            6.391
          6.457           1.185            0.000            0.098            6.442
          6.507           1.184            0.000            0.098            6.492
          6.558           1.182            0.000            0.098            6.542
          6.608           1.180            0.000            0.097            6.593
          6.658           1.178            0.000            0.097            6.643
          6.708           1.176            0.000            0.097            6.693
          6.758           1.175            0.000            0.096            6.743
          6.807           1.173            0.000            0.096            6.792
          6.857           1.171            0.000            0.096            6.842
          6.907           1.170            0.000            0.096            6.892
          6.957           1.169            0.000            0.096            6.942
          7.007           1.167            0.000            0.096            6.992
          7.057           1.166            0.000            0.096            7.042
          7.107           1.165            0.000            0.097            7.092
          7.157           1.164            0.000            0.097            7.142
          7.207           1.163            0.000            0.097            7.192
          7.257           1.162            0.000            0.097            7.242
          7.307           1.161            0.000            0.098            7.292
          7.357           1.160            0.000            0.098            7.342
          7.407           1.158            0.000            0.098            7.392
          7.457           1.157            0.000            0.098            7.443
          7.508           1.156            0.000            0.098            7.493
          7.558           1.154            0.000            0.098            7.543
          7.608           1.152            0.000            0.098            7.593
          7.658           1.151            0.000            0.097            7.643
          7.708           1.149            0.000            0.097            7.693
          7.758           1.147            0.000            0.097            7.743
          7.807           1.146            0.000            0.097            7.793
          7.857           1.145            0.000            0.097            7.843
          7.907           1.144            0.000            0.097            7.892
          7.957           1.143            0.000            0.098            7.942
          8.007           1.142            0.000            0.098            7.992
          8.057           1.141            0.000            0.098            8.042
          8.107           1.140            0.000            0.099            8.092
          8.157           1.139            0.000            0.100            8.142
          8.207           1.138            0.000            0.100            8.192
          8.257           1.138            0.000            0.101            8.243
          8.307           1.137            0.000            0.101            8.293
          8.358           1.135            0.000            0.101            8.343
          8.408           1.134            0.000            0.101            8.394
          8.459           1.132            0.000            0.101            8.444
          8.509           1.130            0.000            0.100            8.495
          8.559           1.128            0.000            0.100            8.545
          8.609           1.126            0.000            0.099            8.595
          8.659           1.124            0.000            0.098            8.645
          8.709           1.122            0.000            0.098            8.695
          8.759           1.121            0.000            0.097            8.744
          8.808           1.119            0.000            0.097            8.794
          8.858           1.118            0.000            0.097            8.844
          8.908           1.117            0.000            0.097            8.894
          8.958           1.116            0.000            0.098            8.943
          9.008           1.115            0.000            0.098            8.993
          9.058           1.114            0.000            0.098            9.043
          9.108           1.113            0.000            0.099            9.094
          9.158           1.112            0.000            0.099            9.144
          9.209           1.110            0.000            0.099            9.194
          9.259           1.109            0.000            0.099            9.245
          9.309           1.107            0.000            0.098            9.295
          9.359           1.105            0.000            0.098            9.345
          9.410           1.103            0.000            0.097            9.396
          9.460           1.102            0.000            0.097            9.446
          9.509           1.100            0.000            0.096            9.496
          9.559           1.098            0.000            0.096            9.545
          9.609           1.096            0.000            0.095            9.595
          9.659           1.095            0.000            0.095            9.645
          9.709           1.093            0.000            0.095            9.695
          9.759           1.091            0.000            0.094            9.745
          9.809           1.090            0.000            0.094            9.795
          9.859           1.088            0.000            0.094            9.845
          9.909           1.086            0.000            0.094            9.895
          9.959           1.085            0.000            0.093            9.945
         10.009           1.084            0.000            0.093            9.995
         10.059           1.082            0.000            0.093           10.045
         10.109           1.081            0.000            0.093           10.095
         10.159           1.079            0.000            0.093           10.145
         10.209           1.078            0.000            0.093           10.196
         10.259           1.076            0.000            0.093           10.246
         10.309           1.075            0.000            0.092           10.296
         10.359           1.073            0.000            0.092           10.346
         10.410           1.072            0.000            0.092           10.396
         10.460           1.070            0.000            0.091           10.446
         10.510           1.068            0.000            0.091           10.497
         10.560           1.066            0.000            0.090           10.547
         10.610           1.064            0.000            0.090           10.596
         10.659           1.063            0.000            0.089           10.646
         10.709           1.061            0.000            0.089           10.696
         10.759           1.060            0.000            0.089           10.745
         10.808           1.059            0.000            0.090           10.795
         10.859           1.058            0.000            0.090           10.845
         10.909           1.057            0.000            0.090           10.896
         10.959           1.056            0.000            0.090           10.946
         11.009           1.055            0.000            0.090           10.996
         11.059           1.053            0.000            0.090           11.046
         11.109           1.052            0.000            0.090           11.096
         11.159           1.051            0.000            0.090           11.146
         11.209           1.050            0.000            0.090           11.196
         11.259           1.048            0.000            0.090           11.246
         11.309           1.047            0.000            0.090           11.296
         11.360           1.046            0.000            0.090           11.347
         11.410           1.044            0.000            0.090           11.397
         11.461           1.042            0.000            0.089           11.448
         11.511           1.040            0.000            0.088           11.498
         11.561           1.038            0.000            0.087           11.548
         11.611           1.036            0.000            0.087           11.598
         11.660           1.034            0.000            0.086           11.648
         11.710           1.033            0.000            0.086           11.697
         11.760           1.031            0.000            0.085           11.747
         11.810           1.029            0.000            0.085           11.798
         11.861           1.027            0.000            0.084           11.848
         11.911           1.025            0.000            0.083           11.898
         11.961           1.023            0.000            0.082           11.949
         12.011           1.021            0.000            0.081           11.999
         12.061           1.018            0.000            0.080           12.049
         12.111           1.016            0.000            0.079           12.099
         12.161           1.014            0.000            0.078           12.148
         12.211           1.012            0.000            0.077           12.198
         12.261           1.010            0.000            0.077           12.248
         12.311           1.008            0.000            0.076           12.298
         12.360           1.006            0.000            0.075           12.348
         12.410           1.005            0.000            0.075           12.398
         12.461           1.003            0.000            0.074           12.448
         12.511           1.001            0.000            0.074           12.498
         12.561           0.999            0.000            0.073           12.548
         12.611           0.997            0.000            0.072           12.599
         12.661           0.995            0.000            0.071           12.649
         12.711           0.993            0.000            0.071           12.699
         12.761           0.992            0.000            0.070           12.748
         12.810           0.990            0.000            0.070           12.798
         12.860           0.988            0.000            0.069           12.848
         12.910           0.986            0.000            0.069           12.898
         12.960           0.985            0.000            0.068           12.949
         13.011           0.983            0.000            0.067           12.999
         13.061           0.981            0.000            0.067           13.049
         13.111           0.979            0.000            0.066           13.099
         13.161           0.977            0.000            0.065           13.149
         13.211           0.975            0.000            0.065           13.199
         13.260           0.974            0.000            0.064           13.249
         13.310           0.972            0.000            0.064           13.298
         13.360           0.971            0.000            0.064           13.348
         13.410           0.970            0.000            0.064           13.398
         13.460           0.968            0.000            0.064           13.449
         13.511           0.967            0.000            0.063           13.499
         13.561           0.965            0.000            0.063           13.549
         13.611           0.963            0.000            0.062           13.599
         13.661           0.961            0.000            0.061           13.649
         13.711           0.959            0.000            0.060           13.699
         13.761           0.958            0.000            0.060           13.749
         13.810           0.956            0.000            0.060           13.799
         13.860           0.955            0.000            0.059           13.849
         13.910           0.953            0.000            0.059           13.899
         13.960           0.952            0.000            0.059           13.949
         14.011           0.951            0.000            0.059           13.999
         14.061           0.949            0.000            0.058           14.050
         14.111           0.947            0.000            0.058           14.100
         14.161           0.945            0.000            0.057           14.150
         14.211           0.943            0.000            0.056           14.200
         14.261           0.941            0.000            0.055           14.250
         14.311           0.939            0.000            0.055           14.299
         14.360           0.938            0.000            0.054           14.349
         14.410           0.937            0.000            0.054           14.399
         14.460           0.936            0.000            0.055           14.449
         14.510           0.935            0.000            0.055           14.499
         14.561           0.934            0.000            0.055           14.550
         14.611           0.932            0.000            0.054           14.600
         14.661           0.931            0.000            0.054           14.650
         14.711           0.929            0.000            0.053           14.700
         14.761           0.927            0.000            0.052           14.750
         14.811           0.926            0.000            0.052           14.800
         14.861           0.924            0.000            0.052           14.850
         14.910           0.923            0.000            0.052           14.899
         14.960           0.922            0.000            0.052           14.949
         15.010           0.921            0.000            0.052           14.999
         15.061           0.920            0.000            0.053           15.050
         15.111           0.919            0.000            0.053           15.100
         15.161           0.918            0.000            0.052           15.150
         15.211           0.916            0.000            0.052           15.200
         15.261           0.914            0.000            0.051           15.251
         15.311           0.913            0.000            0.050           15.301
         15.361           0.911            0.000            0.050           15.350
         15.411           0.909            0.000            0.049           15.400
         15.461           0.908            0.000            0.049           15.450
         15.511           0.907            0.000            0.049           15.500
         15.561           0.906            0.000            0.049           15.550
         15.611           0.904            0.000            0.049           15.600
         15.661           0.903            0.000            0.048           15.651
         15.711           0.901            0.000            0.048           15.701
         15.762           0.900            0.000            0.047           15.751
         15.812           0.898            0.000            0.047           15.801
         15.862           0.896            0.000            0.046           15.851
         15.912           0.894            0.000            0.045           15.901
         15.961           0.892            0.000            0.044           15.951
         16.011           0.891            0.000            0.044           16.001
         16.061           0.889            0.000            0.043           16.051
         16.111           0.888            0.000            0.043           16.101
         16.161           0.886            0.000            0.043           16.151
         16.212           0.885            0.000            0.042           16.201
         16.262           0.883            0.000            0.042           16.251
         16.312           0.881            0.000            0.041           16.301
         16.362           0.879            0.000            0.040           16.351
         16.412           0.877            0.000            0.039           16.402
         16.462           0.876            0.000            0.039           16.451
         16.512           0.874            0.000            0.038           16.501
         16.561           0.872            0.000            0.038           16.551
         16.611           0.871            0.000            0.037           16.601
         16.661           0.869            0.000            0.037           16.651
         16.712           0.868            0.000            0.036           16.701
         16.762           0.867            0.000            0.036           16.752
         16.812           0.865            0.000            0.036           16.802
         16.862           0.864            0.000            0.035           16.852
         16.912           0.862            0.000            0.035           16.902
         16.962           0.861            0.000            0.034           16.952
         17.012           0.859            0.000            0.034           17.002
         17.062           0.858            0.000            0.034           17.052
         17.112           0.856            0.000            0.033           17.102
         17.162           0.855            0.000            0.033           17.152
         17.212           0.854            0.000            0.033           17.202
         17.262           0.853            0.000            0.033           17.252
         17.312           0.852            0.000            0.033           17.302
         17.362           0.850            0.000            0.032           17.352
         17.412           0.849            0.000            0.032           17.402
         17.462           0.848            0.000            0.032           17.452
         17.512           0.847            0.000            0.032           17.502
         17.562           0.846            0.000            0.032           17.552
         17.612           0.844            0.000            0.032           17.602
         17.662           0.843            0.000            0.032           17.652
         17.712           0.842            0.000            0.032           17.702
         17.762           0.841            0.000            0.032           17.752
         17.812           0.841            0.000            0.032           17.802
         17.862           0.840            0.000            0.032           17.852
         17.912           0.838            0.000            0.032           17.902
         17.962           0.837            0.000            0.032           17.952
         18.012           0.836            0.000            0.032           18.002
         18.062           0.835            0.000            0.031           18.052
         18.112           0.833            0.000            0.031           18.103
         18.162           0.832            0.000            0.031           18.152
         18.212           0.831            0.000            0.031           18.202
         18.262           0.830            0.000            0.031           18.252
         18.312           0.829            0.000            0.031           18.302
         18.362           0.828            0.000            0.031           18.352
         18.412           0.828            0.000            0.031           18.403
         18.462           0.827            0.000            0.031           18.453
         18.512           0.826            0.000            0.031           18.503
         18.562           0.824            0.000            0.031           18.553
         18.612           0.823            0.000            0.031           18.603
         18.662           0.822            0.000            0.030           18.653
         18.712           0.821            0.000            0.030           18.703
         18.762           0.819            0.000            0.030           18.753
         18.812           0.818            0.000            0.030           18.803
         18.862           0.817            0.000            0.030           18.853
         18.912           0.817            0.000            0.030           18.903
         18.962           0.816            0.000            0.030           18.953
         19.012           0.815            0.000            0.031           19.003
         19.062           0.814            0.000            0.031           19.053
         19.113           0.813            0.000            0.031           19.103
         19.163           0.812            0.000            0.031           19.153
         19.213           0.811            0.000            0.031           19.203
         19.263           0.810            0.000            0.031           19.253
         19.313           0.809            0.000            0.031           19.303
         19.363           0.808            0.000            0.030           19.353
         19.413           0.807            0.000            0.030           19.403
         19.463           0.806            0.000            0.030           19.453
         19.513           0.805            0.000            0.030           19.503
         19.563           0.804            0.000            0.031           19.553
         19.613           0.804            0.000            0.031           19.603
         19.663           0.803            0.000            0.031           19.653
         19.713           0.803            0.000            0.032           19.703
         19.763           0.802            0.000            0.032           19.753
         19.813           0.802            0.000            0.033           19.804
         19.863           0.801            0.000            0.033           19.854
         19.913           0.800            0.000            0.033           19.904
         19.963           0.799            0.000            0.033           19.954
         20.013           0.798            0.000            0.033           20.004
         20.063           0.797            0.000            0.033           20.054
         20.113           0.796            0.000            0.032           20.104
         20.163           0.794            0.000            0.032           20.154
         20.213           0.793            0.000            0.032           20.204
         20.263           0.792            0.000            0.032           20.254
         20.313           0.792            0.000            0.032           20.304
         20.363           0.791            0.000            0.032           20.354
         20.413           0.790            0.000            0.033           20.404
         20.463           0.789            0.000            0.033           20.454
         20.513           0.789            0.000            0.033           20.504
         20.563           0.788            0.000            0.033           20.554
         20.614           0.787            0.000            0.033           20.604
         20.664           0.786            0.000            0.033           20.655
         20.714           0.784            0.000            0.032           20.705
         20.764           0.783            0.000            0.032           20.755
         20.814           0.782            0.000            0.032           20.805
         20.864           0.780            0.000            0.031           20.855
         20.914           0.779            0.000            0.031           20.905
         20.964           0.779            0.000            0.031           20.955
         21.014           0.778            0.000            0.032           21.004
         21.064           0.777            0.000            0.032           21.054
         21.114           0.777            0.000            0.032           21.104
         21.164           0.776            0.000            0.033           21.155
         21.214           0.776            0.000            0.033           21.205
         21.264           0.775            0.000            0.034           21.255
         21.314           0.774            0.000            0.034           21.305
         21.364           0.773            0.000            0.033           21.355
         21.414           0.772            0.000            0.033           21.405
         21.464           0.771            0.000            0.033           21.455
         21.514           0.770            0.000            0.032           21.505
         21.564           0.769            0.000            0.032           21.555
         21.614           0.768            0.000            0.032           21.605
         21.664           0.767            0.000            0.032           21.655
         21.714           0.766            0.000            0.033           21.705
         21.764           0.766            0.000            0.033           21.755
         21.814           0.766            0.000            0.034           21.805
         21.864           0.765            0.000            0.034           21.855
         21.914           0.765            0.000            0.035           21.905
         21.964           0.764            0.000            0.035           21.955
         22.014           0.764            0.000            0.035           22.005
         22.065           0.763            0.000            0.035           22.056
         22.115           0.762            0.000            0.035           22.106
         22.165           0.760            0.000            0.035           22.156
         22.215           0.759            0.000            0.034           22.206
         22.265           0.758            0.000            0.034           22.256
         22.315           0.757            0.000            0.034           22.306
         22.365           0.756            0.000            0.034           22.356
         22.414           0.755            0.000            0.034           22.406
         22.464           0.755            0.000            0.034           22.456
         22.514           0.754            0.000            0.035           22.506
         22.564           0.754            0.000            0.035           22.556
         22.615           0.753            0.000            0.036           22.606
         22.665           0.753            0.000            0.036           22.656
         22.715           0.752            0.000            0.036           22.706
         22.765           0.751            0.000            0.035           22.756
         22.815           0.749            0.000            0.035           22.807
         22.865           0.748            0.000            0.034           22.857
         22.915           0.746            0.000            0.033           22.907
         22.965           0.745            0.000            0.033           22.957
         23.015           0.743            0.000            0.032           23.006
         23.065           0.742            0.000            0.032           23.056
         23.115           0.742            0.000            0.032           23.106
         23.165           0.741            0.000            0.033           23.156
         23.215           0.741            0.000            0.033           23.206
         23.265           0.741            0.000            0.034           23.256
         23.315           0.741            0.000            0.035           23.306
         23.365           0.741            0.000            0.036           23.356
         23.415           0.740            0.000            0.036           23.406
         23.465           0.740            0.000            0.036           23.457
         23.516           0.738            0.000            0.036           23.507
         23.566           0.737            0.000            0.035           23.557
         23.616           0.736            0.000            0.035           23.607
         23.666           0.734            0.000            0.034           23.657
         23.716           0.733            0.000            0.034           23.707
         23.766           0.732            0.000            0.033           23.757
         23.815           0.731            0.000            0.033           23.807
         23.865           0.730            0.000            0.033           23.857
         23.915           0.730            0.000            0.034           23.907
         23.965           0.730            0.000            0.034           23.957
         24.015           0.730            0.000            0.035           24.007
         24.065           0.729            0.000            0.036           24.057
         24.115           0.729            0.000            0.036           24.107
         24.165           0.729            0.000            0.037           24.157
         24.216           0.728            0.000            0.037           24.207
         24.266           0.728            0.000            0.037           24.257
         24.316           0.727            0.000            0.037           24.307
         24.366           0.725            0.000            0.037           24.358
         24.416           0.724            0.000            0.036           24.408
         24.466           0.723            0.000            0.035           24.458
         24.516           0.721            0.000            0.035           24.508
         24.566           0.720            0.000            0.034           24.558
         24.616           0.718            0.000            0.033           24.608
         24.666           0.717            0.000            0.033           24.658
         24.716           0.715            0.000            0.032           24.708
         24.766           0.714            0.000            0.032           24.758
         24.816           0.713            0.000            0.032           24.808
         24.866           0.712            0.000            0.031           24.858
         24.916           0.711            0.000            0.031           24.908
         24.966           0.710            0.000            0.031           24.958
         25.016           0.709            0.000            0.031           25.008
         25.066           0.708            0.000            0.030           25.058
         25.116           0.707            0.000            0.030           25.108
         25.166           0.706            0.000            0.029           25.158
         25.216           0.705            0.000            0.029           25.208
         25.266           0.703            0.000            0.029           25.258
         25.316           0.702            0.000            0.028           25.308
         25.367           0.701            0.000            0.028           25.358
         25.417           0.700            0.000            0.027           25.408
         25.467           0.699            0.000            0.027           25.458
         25.516           0.698            0.000            0.027           25.508
         25.566           0.697            0.000            0.027           25.558
         25.616           0.696            0.000            0.027           25.608
         25.666           0.695            0.000            0.027           25.658
         25.717           0.695            0.000            0.027           25.708
         25.767           0.694            0.000            0.027           25.758
         25.817           0.693            0.000            0.027           25.808
         25.867           0.692            0.000            0.026           25.859
         25.917           0.691            0.000            0.026           25.909
         25.967           0.690            0.000            0.026           25.959
         26.017           0.689            0.000            0.026           26.009
         26.067           0.689            0.000            0.026           26.059
         26.117           0.688            0.000            0.026           26.109
         26.167           0.687            0.000            0.026           26.159
         26.217           0.686            0.000            0.026           26.209
         26.267           0.686            0.000            0.026           26.259
         26.317           0.685            0.000            0.026           26.309
         26.367           0.684            0.000            0.026           26.359
         26.417           0.684            0.000            0.026           26.409
         26.467           0.683            0.000            0.026           26.459
         26.517           0.682            0.000            0.026           26.509
         26.567           0.681            0.000            0.026           26.559
         26.617           0.680            0.000            0.025           26.609
         26.667           0.679            0.000            0.025           26.659
         26.717           0.677            0.000            0.024           26.709
         26.767           0.676            0.000            0.024           26.759
         26.817           0.675            0.000            0.023           26.809
         26.867           0.674            0.000            0.023           26.859
         26.917           0.673            0.000            0.023           26.909
         26.967           0.672            0.000            0.023           26.959
         27.017           0.672            0.000            0.023           27.009
         27.067           0.672            0.000            0.024           27.059
         27.117           0.673            0.000            0.025           27.109
         27.167           0.673            0.000            0.026           27.159
         27.217           0.673            0.000            0.027           27.209
         27.267           0.674            0.000            0.028           27.259
         27.317           0.673            0.000            0.029           27.309
         27.368           0.673            0.000            0.029           27.360
         27.418           0.672            0.000            0.029           27.410
         27.468           0.671            0.000            0.028           27.460
         27.518           0.669            0.000            0.027           27.510
         27.568           0.667            0.000            0.026           27.560
         27.618           0.666            0.000            0.025           27.610
         27.668           0.664            0.000            0.024           27.660
         27.718           0.663            0.000            0.024           27.710
         27.768           0.662            0.000            0.024           27.760
         27.817           0.662            0.000            0.024           27.810
         27.867           0.662            0.000            0.025           27.860
         27.917           0.663            0.000            0.026           27.909
         27.967           0.663            0.000            0.027           27.959
         28.017           0.664            0.000            0.028           28.010
         28.067           0.664            0.000            0.029           28.060
         28.118           0.664            0.000            0.030           28.110
         28.168           0.663            0.000            0.030           28.160
         28.218           0.662            0.000            0.030           28.211
         28.269           0.661            0.000            0.029           28.261
         28.319           0.659            0.000            0.028           28.311
         28.369           0.657            0.000            0.027           28.361
         28.419           0.655            0.000            0.026           28.411
         28.469           0.654            0.000            0.025           28.461
         28.518           0.652            0.000            0.024           28.511
         28.568           0.651            0.000            0.023           28.561
         28.618           0.651            0.000            0.023           28.611
         28.668           0.650            0.000            0.024           28.660
         28.718           0.650            0.000            0.024           28.710
         28.768           0.650            0.000            0.025           28.760
         28.818           0.651            0.000            0.026           28.810
         28.868           0.651            0.000            0.027           28.860
         28.918           0.651            0.000            0.028           28.911
         28.968           0.651            0.000            0.028           28.961
         29.019           0.650            0.000            0.028           29.011
         29.069           0.649            0.000            0.028           29.061
         29.119           0.648            0.000            0.027           29.111
         29.169           0.646            0.000            0.026           29.162
         29.219           0.644            0.000            0.025           29.212
         29.269           0.643            0.000            0.024           29.262
         29.319           0.641            0.000            0.023           29.312
         29.369           0.640            0.000            0.022           29.362
         29.419           0.638            0.000            0.021           29.411
         29.469           0.637            0.000            0.021           29.461
         29.519           0.637            0.000            0.021           29.511
         29.569           0.637            0.000            0.021           29.561
         29.619           0.636            0.000            0.022           29.611
         29.669           0.637            0.000            0.023           29.661
         29.719           0.637            0.000            0.024           29.711
         29.769           0.637            0.000            0.024           29.761
         29.819           0.637            0.000            0.025           29.811
         29.869           0.637            0.000            0.025           29.861
         29.919           0.636            0.000            0.026           29.912
         29.969           0.636            0.000            0.026           29.962
         30.019           0.635            0.000            0.025           30.012
         30.069           0.634            0.000            0.025           30.062
         30.119           0.633            0.000            0.024           30.112
         30.169           0.631            0.000            0.024           30.162
         30.219           0.630            0.000            0.023           30.212
         30.269           0.629            0.000            0.023           30.262
         30.319           0.628            0.000            0.022           30.312
         30.369           0.627            0.000            0.022           30.362
         30.419           0.627            0.000            0.022           30.412
         30.469           0.627            0.000            0.022           30.462
         30.519           0.626            0.000            0.023           30.512
         30.569           0.626            0.000            0.023           30.562
         30.619           0.627            0.000            0.024           30.612
         30.669           0.627            0.000            0.025           30.662
         30.719           0.626            0.000            0.025           30.712
         30.769           0.626            0.000            0.026           30.762
         30.819           0.626            0.000            0.026           30.812
         30.870           0.626            0.000            0.026           30.862
         30.920           0.625            0.000            0.026           30.912
         30.970           0.624            0.000            0.026           30.962
         31.020           0.624            0.000            0.026           31.013
         31.070           0.623            0.000            0.025           31.063
         31.120           0.622            0.000            0.025           31.113
         31.170           0.621            0.000            0.025           31.163
         31.220           0.621            0.000            0.025           31.213
         31.270           0.620            0.000            0.025           31.263
         31.320           0.620            0.000            0.025           31.313
         31.370           0.619            0.000            0.026           31.363
         31.420           0.619            0.000            0.026           31.413
         31.470           0.619            0.000            0.026           31.463
         31.520           0.619            0.000            0.027           31.513
         31.570           0.618            0.000            0.027           31.563
         31.620           0.618            0.000            0.027           31.613
         31.670           0.618            0.000            0.027           31.663
         31.720           0.617            0.000            0.027           31.713
         31.770           0.617            0.000            0.027           31.763
         31.820           0.616            0.000            0.027           31.813
         31.870           0.615            0.000            0.027           31.863
         31.920           0.615            0.000            0.027           31.913
         31.970           0.614            0.000            0.027           31.963
         32.020           0.613            0.000            0.026           32.013
         32.070           0.612            0.000            0.026           32.063
         32.120           0.612            0.000            0.026           32.113
         32.170           0.611            0.000            0.026           32.163
         32.220           0.611            0.000            0.026           32.213
         32.270           0.610            0.000            0.026           32.263
         32.320           0.610            0.000            0.026           32.313
         32.370           0.609            0.000            0.027           32.363
         32.421           0.609            0.000            0.027           32.413
         32.471           0.609            0.000            0.027           32.463
         32.521           0.608            0.000            0.027           32.513
         32.571           0.608            0.000            0.027           32.564
         32.621           0.607            0.000            0.027           32.614
         32.671           0.606            0.000            0.026           32.664
         32.721           0.605            0.000            0.026           32.714
         32.771           0.604            0.000            0.026           32.764
         32.821           0.604            0.000            0.025           32.814
         32.871           0.603            0.000            0.025           32.864
         32.921           0.602            0.000            0.025           32.914
         32.971           0.601            0.000            0.025           32.964
         33.021           0.601            0.000            0.024           33.014
         33.071           0.600            0.000            0.025           33.064
         33.121           0.600            0.000            0.025           33.114
         33.171           0.600            0.000            0.025           33.164
         33.221           0.600            0.000            0.026           33.214
         33.271           0.600            0.000            0.026           33.264
         33.321           0.599            0.000            0.026           33.314
         33.371           0.599            0.000            0.026           33.364
         33.421           0.598            0.000            0.026           33.414
         33.471           0.597            0.000            0.026           33.464
         33.522           0.596            0.000            0.025           33.514
         33.572           0.595            0.000            0.025           33.564
         33.622           0.594            0.000            0.024           33.614
         33.671           0.593            0.000            0.024           33.664
         33.721           0.593            0.000            0.023           33.714
         33.771           0.592            0.000            0.023           33.764
         33.821           0.591            0.000            0.023           33.814
         33.871           0.591            0.000            0.023           33.864
         33.921           0.591            0.000            0.024           33.914
         33.971           0.591            0.000            0.024           33.964
         34.021           0.591            0.000            0.024           34.014
         34.071           0.591            0.000            0.025           34.064
         34.121           0.591            0.000            0.025           34.114
         34.172           0.590            0.000            0.025           34.164
         34.222           0.590            0.000            0.025           34.215
         34.272           0.590            0.000            0.025           34.265
         34.322           0.589            0.000            0.025           34.315
         34.372           0.589            0.000            0.025           34.365
         34.422           0.588            0.000            0.025           34.415
         34.472           0.588            0.000            0.025           34.465
         34.522           0.587            0.000            0.026           34.515
         34.572           0.587            0.000            0.026           34.565
         34.622           0.587            0.000            0.026           34.615
         34.672           0.587            0.000            0.027           34.665
         34.722           0.587            0.000            0.027           34.715
         34.772           0.588            0.000            0.028           34.765
         34.822           0.588            0.000            0.029           34.815
         34.872           0.588            0.000            0.029           34.865
         34.922           0.587            0.000            0.029           34.915
         34.972           0.587            0.000            0.029           34.965
         35.022           0.587            0.000            0.029           35.015
         35.072           0.586            0.000            0.029           35.065
         35.122           0.585            0.000            0.029           35.115
         35.172           0.584            0.000            0.028           35.165
         35.222           0.584            0.000            0.028           35.215
         35.272           0.583            0.000            0.028           35.265
         35.322           0.582            0.000            0.028           35.315
         35.372           0.582            0.000            0.027           35.365
         35.422           0.581            0.000            0.027           35.415
         35.472           0.580            0.000            0.027           35.465
         35.523           0.580            0.000            0.027           35.516
         35.573           0.579            0.000            0.027           35.566
         35.623           0.579            0.000            0.027           35.616
         35.673           0.578            0.000            0.027           35.666
         35.723           0.578            0.000            0.026           35.716
         35.773           0.577            0.000            0.026           35.766
         35.823           0.576            0.000            0.026           35.816
         35.873           0.575            0.000            0.025           35.866
         35.923           0.575            0.000            0.025           35.916
         35.973           0.574            0.000            0.025           35.966
         36.023           0.573            0.000            0.024           36.016
         36.073           0.572            0.000            0.024           36.066
         36.123           0.571            0.000            0.023           36.116
         36.173           0.570            0.000            0.023           36.166
         36.223           0.570            0.000            0.022           36.216
         36.273           0.569            0.000            0.022           36.266
         36.323           0.568            0.000            0.022           36.316
         36.373           0.567            0.000            0.021           36.366
         36.423           0.567            0.000            0.021           36.416
         36.473           0.566            0.000            0.021           36.466
         36.523           0.566            0.000            0.021           36.516
         36.573           0.565            0.000            0.021           36.566
         36.623           0.565            0.000            0.021           36.616
         36.673           0.565            0.000            0.021           36.666
         36.723           0.564            0.000            0.021           36.716
         36.773           0.564            0.000            0.021           36.766
         36.823           0.564            0.000            0.021           36.816
         36.873           0.563            0.000            0.021           36.866
         36.923           0.563            0.000            0.021           36.916
         36.973           0.563            0.000            0.021           36.966
         37.023           0.562            0.000            0.021           37.016
         37.073           0.562            0.000            0.021           37.067
         37.123           0.561            0.000            0.021           37.117
         37.173           0.561            0.000            0.021           37.167
         37.223           0.561            0.000            0.021           37.217
         37.273           0.560            0.000            0.021           37.267
         37.323           0.560            0.000            0.022           37.317
         37.373           0.560            0.000            0.022           37.367
         37.424           0.560            0.000            0.022           37.417
         37.474           0.560            0.000            0.022           37.467
         37.524           0.559            0.000            0.022           37.517
         37.574           0.559            0.000            0.022           37.567
         37.624           0.558            0.000            0.021           37.617
         37.674           0.557            0.000            0.021           37.667
         37.724           0.556            0.000            0.020           37.717
         37.774           0.555            0.000            0.020           37.767
         37.824           0.555            0.000            0.020           37.817
         37.874           0.554            0.000            0.019           37.867
         37.924           0.554            0.000            0.019           37.917
         37.974           0.553            0.000            0.019           37.967
         38.024           0.553            0.000            0.019           38.017
         38.074           0.553            0.000            0.019           38.067
         38.124           0.553            0.000            0.020           38.117
         38.174           0.552            0.000            0.020           38.167
         38.224           0.552            0.000            0.020           38.217
         38.274           0.552            0.000            0.020           38.267
         38.324           0.552            0.000            0.020           38.317
         38.374           0.551            0.000            0.020           38.367
         38.424           0.550            0.000            0.019           38.418
         38.474           0.550            0.000            0.019           38.468
         38.524           0.549            0.000            0.018           38.518
         38.574           0.548            0.000            0.018           38.568
         38.624           0.547            0.000            0.018           38.618
         38.674           0.547            0.000            0.018           38.668
         38.724           0.547            0.000            0.018           38.718
         38.774           0.546            0.000            0.018           38.768
         38.824           0.546            0.000            0.018           38.818
         38.874           0.546            0.000            0.018           38.868
         38.924           0.546            0.000            0.018           38.918
         38.975           0.545            0.000            0.018           38.968
         39.025           0.545            0.000            0.018           39.018
         39.075           0.544            0.000            0.017           39.068
         39.125           0.543            0.000            0.017           39.118
         39.175           0.542            0.000            0.016           39.168
         39.225           0.541            0.000            0.015           39.218
         39.275           0.540            0.000            0.015           39.268
         39.325           0.539            0.000            0.014           39.318
         39.375           0.538            0.000            0.014           39.368
         39.425           0.538            0.000            0.013           39.418
         39.475           0.537            0.000            0.013           39.468
         39.525           0.537            0.000            0.013           39.518
         39.575           0.537            0.000            0.013           39.568
         39.625           0.536            0.000            0.013           39.618
         39.675           0.536            0.000            0.013           39.668
         39.725           0.535            0.000            0.013           39.718
         39.775           0.535            0.000            0.012           39.768
         39.825           0.534            0.000            0.012           39.818
         39.875           0.533            0.000            0.012           39.868
         39.925           0.533            0.000            0.011           39.918
         39.975           0.532            0.000            0.011           39.968
         40.025           0.532            0.000            0.011           40.018
         40.075           0.532            0.000            0.011           40.068
         40.125           0.532            0.000            0.012           40.118
         40.175           0.532            0.000            0.012           40.168
         40.225           0.532            0.000            0.012           40.218
         40.275           0.532            0.000            0.013           40.268
         40.325           0.532            0.000            0.013           40.319
         40.375           0.532            0.000            0.013           40.369
         40.425           0.532            0.000            0.014           40.419
         40.475           0.532            0.000            0.014           40.469
         40.525           0.532            0.000            0.014           40.519
         40.575           0.532            0.000            0.014           40.569
         40.625           0.531            0.000            0.014           40.619
         40.676           0.531            0.000            0.014           40.669
         40.726           0.531            0.000            0.014           40.719
         40.776           0.531            0.000            0.014           40.769
         40.825           0.531            0.000            0.015           40.819
         40.876           0.531            0.000            0.015           40.869
         40.926           0.532            0.000            0.016           40.919
         40.976           0.532            0.000            0.016           40.969
         41.026           0.532            0.000            0.017           41.019
         41.076           0.532            0.000            0.017           41.069
         41.126           0.532            0.000            0.017           41.119
         41.176           0.532            0.000            0.017           41.169
         41.226           0.532            0.000            0.017           41.219
         41.276           0.531            0.000            0.017           41.269
         41.326           0.530            0.000            0.016           41.319
         41.376           0.530            0.000            0.016           41.369
         41.426           0.529            0.000            0.016           41.419
         41.476           0.529            0.000            0.016           41.469
         41.526           0.529            0.000            0.016           41.519
         41.576           0.529            0.000            0.016           41.569
         41.626           0.529            0.000            0.016           41.619
         41.676           0.529            0.000            0.017           41.669
         41.726           0.529            0.000            0.017           41.719
         41.776           0.529            0.000            0.017           41.770
         41.826           0.529            0.000            0.017           41.820
         41.876           0.528            0.000            0.017           41.870
         41.927           0.527            0.000            0.016           41.920
         41.977           0.526            0.000            0.015           41.970
         42.027           0.525            0.000            0.015           42.020
         42.077           0.524            0.000            0.014           42.070
         42.127           0.523            0.000            0.013           42.120
         42.176           0.523            0.000            0.013           42.170
         42.226           0.522            0.000            0.013           42.220
         42.276           0.523            0.000            0.013           42.270
         42.326           0.523            0.000            0.014           42.320
         42.376           0.523            0.000            0.014           42.370
         42.427           0.523            0.000            0.015           42.420
         42.477           0.524            0.000            0.015           42.470
         42.527           0.523            0.000            0.015           42.520
         42.577           0.523            0.000            0.015           42.570
         42.627           0.521            0.000            0.014           42.620
         42.677           0.520            0.000            0.013           42.670
         42.727           0.519            0.000            0.011           42.721
         42.777           0.517            0.000            0.010           42.770
         42.827           0.516            0.000            0.009           42.820
         42.877           0.515            0.000            0.009           42.870
         42.927           0.515            0.000            0.008           42.920
         42.977           0.515            0.000            0.008           42.970
         43.027           0.515            0.000            0.009           43.020
         43.077           0.515            0.000            0.009           43.070
         43.127           0.515            0.000            0.009           43.120
         43.177           0.515            0.000            0.010           43.171
         43.227           0.515            0.000            0.010           43.221
         43.277           0.514            0.000            0.009           43.271
         43.327           0.513            0.000            0.008           43.321
         43.377           0.512            0.000            0.008           43.371
         43.427           0.511            0.000            0.007           43.421
         43.477           0.510            0.000            0.006           43.471
         43.527           0.509            0.000            0.005           43.521
         43.577           0.508            0.000            0.005           43.571
         43.627           0.508            0.000            0.004           43.621
         43.677           0.508            0.000            0.004           43.671
         43.727           0.507            0.000            0.004           43.721
         43.777           0.508            0.000            0.004           43.771
         43.827           0.508            0.000            0.005           43.821
         43.877           0.508            0.000            0.005           43.871
         43.928           0.508            0.000            0.005           43.921
         43.978           0.507            0.000            0.005           43.971
         44.028           0.507            0.000            0.005           44.021
         44.078           0.506            0.000            0.005           44.071
         44.128           0.506            0.000            0.004           44.121
         44.178           0.505            0.000            0.003           44.171
         44.228           0.504            0.000            0.003           44.221
         44.278           0.504            0.000            0.003           44.271
         44.328           0.503            0.000            0.002           44.321
         44.378           0.503            0.000            0.002           44.371
         44.428           0.503            0.000            0.003           44.421
         44.478           0.503            0.000            0.003           44.471
         44.528           0.503            0.000            0.003           44.521
         44.578           0.503            0.000            0.003           44.571
         44.628           0.503            0.000            0.003           44.622
         44.678           0.503            0.000            0.003           44.672
         44.728           0.502            0.000            0.002           44.722
         44.778           0.501            0.000            0.002           44.772
         44.828           0.500            0.000            0.001           44.822
         44.878           0.499            0.000            0.000           44.872
         44.928           0.499            0.000            0.000           44.922
         44.978           0.499            0.000            0.000           44.972
         45.028           0.499            0.000            0.000           45.022
         45.078           0.499            0.000            0.000           45.072
         45.128           0.499            0.000            0.001           45.122
         45.178           0.500            0.000            0.001           45.172
         45.228           0.500            0.000            0.002           45.222
         45.278           0.499            0.000            0.001           45.272
         45.328           0.499            0.000            0.001           45.322
         45.378           0.498            0.000            0.000           45.372
         45.428           0.497            0.000           -0.001           45.422
         45.478           0.496            0.000           -0.001           45.472
         45.528           0.495            0.000           -0.002           45.522
         45.579           0.494            0.000           -0.003           45.572
         45.629           0.494            0.000           -0.003           45.622
         45.679           0.494            0.000           -0.003           45.672
         45.729           0.494            0.000           -0.003           45.722
         45.779           0.494            0.000           -0.002           45.772
         45.829           0.494            0.000           -0.002           45.822
         45.879           0.494            0.000           -0.002           45.872
         45.929           0.494            0.000           -0.002           45.922
         45.979           0.493            0.000           -0.003           45.972
         46.029           0.493            0.000           -0.003           46.022
         46.079           0.492            0.000           -0.003           46.072
         46.129           0.492            0.000           -0.004           46.123
         46.179           0.492            0.000           -0.004           46.173
         46.229           0.491            0.000           -0.004           46.223
         46.279           0.491            0.000           -0.004           46.273
         46.329           0.491            0.000           -0.004           46.323
         46.379           0.491            0.000           -0.004           46.373
         46.429           0.491            0.000           -0.004           46.423
         46.479           0.490            0.000           -0.005           46.473
         46.529           0.489            0.000           -0.005           46.523
         46.579           0.489            0.000           -0.006           46.573
         46.629           0.488            0.000           -0.006           46.623
         46.679           0.488            0.000           -0.006           46.673
         46.729           0.487            0.000           -0.006           46.723
         46.779           0.487            0.000           -0.007           46.773
         46.829           0.487            0.000           -0.007           46.823
         46.879           0.487            0.000           -0.007           46.873
         46.929           0.487            0.000           -0.007           46.923
         46.979           0.486            0.000           -0.007           46.973
         47.029           0.486            0.000           -0.007           47.023
         47.079           0.485            0.000           -0.008           47.073
         47.129           0.485            0.000           -0.008           47.123
         47.180           0.485            0.000           -0.008           47.173
         47.230           0.485            0.000           -0.008           47.223
         47.280           0.485            0.000           -0.008           47.273
         47.330           0.485            0.000           -0.008           47.323
         47.380           0.484            0.000           -0.008           47.373
         47.430           0.483            0.000           -0.009           47.423
         47.480           0.482            0.000           -0.010           47.473
         47.530           0.481            0.000           -0.011           47.523
         47.580           0.480            0.000           -0.012           47.573
         47.630           0.479            0.000           -0.013           47.623
         47.680           0.479            0.000           -0.013           47.673
         47.730           0.478            0.000           -0.014           47.724
         47.780           0.478            0.000           -0.014           47.774
         47.830           0.478            0.000           -0.014           47.824
         47.880           0.478            0.000           -0.014           47.874
         47.930           0.478            0.000           -0.014           47.924
         47.980           0.478            0.000           -0.014           47.974
         48.030           0.477            0.000           -0.014           48.024
         48.080           0.477            0.000           -0.014           48.074
         48.130           0.477            0.000           -0.014           48.124
         48.180           0.476            0.000           -0.015           48.174
         48.230           0.476            0.000           -0.015           48.224
         48.280           0.475            0.000           -0.015           48.274
         48.330           0.475            0.000           -0.015           48.324
         48.380           0.475            0.000           -0.016           48.374
         48.430           0.475            0.000           -0.016           48.424
         48.480           0.474            0.000           -0.016           48.474
         48.530           0.474            0.000           -0.016           48.524
         48.580           0.473            0.000           -0.017           48.574
         48.630           0.473            0.000           -0.018           48.624
         48.680           0.472            0.000           -0.018           48.674
         48.730           0.471            0.000           -0.018           48.724
         48.781           0.471            0.000           -0.019           48.774
         48.831           0.471            0.000           -0.018           48.824
         48.881           0.472            0.000           -0.018           48.875
         48.931           0.472            0.000           -0.017           48.925
         48.981           0.473            0.000           -0.017           48.975
         49.031           0.474            0.000           -0.016           49.025
         49.081           0.474            0.000           -0.016           49.075
         49.131           0.474            0.000           -0.015           49.125
         49.181           0.474            0.000           -0.015           49.175
         49.231           0.474            0.000           -0.016           49.225
         49.281           0.473            0.000           -0.016           49.275
         49.331           0.473            0.000           -0.016           49.325
         49.381           0.473            0.000           -0.016           49.375
         49.431           0.474            0.000           -0.015           49.425
         49.481           0.474            0.000           -0.015           49.475
         49.531           0.474            0.000           -0.015           49.525
         49.581           0.474            0.000           -0.015           49.575
         49.631           0.474            0.000           -0.014           49.625
         49.681           0.475            0.000           -0.014           49.675
         49.731           0.475            0.000           -0.014           49.725
         49.781           0.475            0.000           -0.013           49.775
         49.831           0.476            0.000           -0.012           49.825
         49.881           0.477            0.000           -0.012           49.875
         49.931           0.477            0.000           -0.011           49.925
         49.981           0.478            0.000           -0.011           49.975
         50.031           0.478            0.000           -0.010           50.025
         50.081           0.478            0.000           -0.010           50.075
         50.131           0.478            0.000           -0.010           50.125
         50.181           0.478            0.000           -0.010           50.175
         50.231           0.478            0.000           -0.010           50.225
         50.282           0.478            0.000           -0.010           50.275
         50.332           0.478            0.000           -0.010           50.325
         50.382           0.479            0.000           -0.009           50.375
         50.432           0.479            0.000           -0.009           50.425
         50.482           0.479            0.000           -0.009           50.475
         50.532           0.479            0.000           -0.009           50.525
         50.582           0.478            0.000           -0.009           50.575
         50.632           0.478            0.000           -0.010           50.625
         50.682           0.477            0.000           -0.010           50.675
         50.732           0.477            0.000           -0.011           50.726
         50.782           0.476            0.000           -0.011           50.776
         50.832           0.476            0.000           -0.011           50.826
         50.882           0.477            0.000           -0.011           50.876
         50.932           0.477            0.000           -0.011           50.926
         50.982           0.477            0.000           -0.010           50.976
         51.032           0.477            0.000           -0.010           51.026
         51.082           0.477            0.000           -0.010           51.076
         51.132           0.477            0.000           -0.010           51.126
         51.182           0.477            0.000           -0.010           51.176
         51.232           0.477            0.000           -0.011           51.226
         51.282           0.476            0.000           -0.011           51.276
         51.332           0.476            0.000           -0.011           51.326
         51.382           0.476            0.000           -0.011           51.376
         51.432           0.476            0.000           -0.011           51.426
         51.482           0.476            0.000           -0.011           51.476
         51.532           0.476            0.000           -0.011           51.526
         51.582           0.476            0.000           -0.011           51.576
         51.632           0.476            0.000           -0.011           51.626
         51.682           0.476            0.000           -0.010           51.676
         51.732           0.477            0.000           -0.010           51.726
         51.782           0.477            0.000           -0.010           51.776
         51.833           0.478            0.000           -0.009           51.826
         51.883           0.478            0.000           -0.009           51.876
         51.933           0.478            0.000           -0.008           51.926
         51.983           0.479            0.000           -0.008           51.976
         52.033           0.479            0.000           -0.008           52.026
         52.083           0.479            0.000           -0.008           52.076
         52.133           0.479            0.000           -0.008           52.126
         52.183           0.479            0.000           -0.008           52.177
         52.233           0.479            0.000           -0.007           52.227
         52.283           0.479            0.000           -0.007           52.277
         52.333           0.479            0.000           -0.007           52.327
         52.383           0.480            0.000           -0.007           52.377
         52.433           0.480            0.000           -0.007           52.427
         52.483           0.480            0.000           -0.006           52.477
         52.533           0.480            0.000           -0.006           52.527
         52.583           0.481            0.000           -0.006           52.577
         52.633           0.481            0.000           -0.005           52.627
         52.683           0.481            0.000           -0.005           52.677
         52.733           0.481            0.000           -0.005           52.727
         52.783           0.481            0.000           -0.005           52.777
         52.833           0.481            0.000           -0.005           52.827
         52.883           0.481            0.000           -0.005           52.877
         52.933           0.481            0.000           -0.005           52.927
         52.983           0.481            0.000           -0.005           52.977
         53.033           0.481            0.000           -0.005           53.027
         53.083           0.482            0.000           -0.004           53.077
         53.133           0.482            0.000           -0.004           53.127
         53.183           0.483            0.000           -0.004           53.177
         53.233           0.483            0.000           -0.003           53.227
         53.283           0.483            0.000           -0.003           53.277
         53.333           0.483            0.000           -0.003           53.327
         53.383           0.483            0.000           -0.003           53.377
         53.433           0.483            0.000           -0.003           53.427
         53.483           0.483            0.000           -0.003           53.477
         53.534           0.483            0.000           -0.003           53.527
         53.584           0.484            0.000           -0.002           53.577
         53.634           0.484            0.000           -0.002           53.627
         53.684           0.484            0.000           -0.002           53.677
         53.734           0.485            0.000           -0.002           53.728
         53.784           0.485            0.000           -0.001           53.778
         53.834           0.485            0.000           -0.001           53.828
         53.884           0.485            0.000           -0.001           53.878
         53.934           0.486            0.000            0.000           53.928
         53.984           0.486            0.000            0.000           53.978
         54.034           0.487            0.000            0.001           54.028
         54.084           0.487            0.000            0.001           54.078
         54.134           0.488            0.000            0.001           54.128
         54.184           0.488            0.000            0.002           54.178
         54.234           0.488            0.000            0.002           54.228
         54.284           0.488            0.000            0.002           54.278
         54.334           0.489            0.000            0.003           54.328
         54.384           0.489            0.000            0.003           54.378
         54.434           0.489            0.000            0.003           54.428
         54.484           0.490            0.000            0.004           54.478
         54.534           0.490            0.000            0.004           54.528
         54.584           0.490            0.000            0.004           54.578
         54.634           0.490            0.000            0.004           54.628
         54.684           0.490            0.000            0.004           54.678
         54.734           0.490            0.000            0.004           54.728
         54.784           0.490            0.000            0.004           54.778
         54.834           0.490            0.000            0.004           54.828
         54.884           0.491            0.000            0.004           54.878
         54.934           0.491            0.000            0.005           54.928
         54.984           0.491            0.000            0.005           54.978
         55.034           0.491            0.000            0.005           55.028
         55.084           0.491            0.000            0.005           55.078
         55.135           0.491            0.000            0.005           55.128
         55.185           0.491            0.000            0.005           55.178
         55.235           0.491            0.000            0.005           55.228
         55.285           0.491            0.000            0.005           55.278
         55.335           0.491            0.000            0.005           55.329
         55.385           0.491            0.000            0.005           55.379
         55.435           0.492            0.000            0.005           55.429
         55.485           0.492            0.000            0.006           55.479
         55.535           0.493            0.000            0.006           55.529
         55.585           0.493            0.000            0.007           55.579
         55.635           0.494            0.000            0.007           55.629
         55.685           0.494            0.000            0.008           55.679
         55.735           0.494            0.000            0.008           55.729
         55.785           0.494            0.000            0.008           55.779
         55.835           0.494            0.000            0.008           55.829
         55.885           0.494            0.000            0.008           55.879
         55.935           0.494            0.000            0.007           55.929
         55.985           0.494            0.000            0.007           55.979
         56.035           0.494            0.000            0.008           56.029
         56.085           0.494            0.000            0.008           56.079
         56.135           0.495            0.000            0.008           56.129
         56.185           0.496            0.000            0.009           56.179
         56.235           0.496            0.000            0.010           56.229
         56.285           0.497            0.000            0.010           56.279
         56.335           0.497            0.000            0.011           56.329
         56.385           0.498            0.000            0.011           56.379
         56.435           0.498            0.000            0.011           56.429
         56.485           0.498            0.000            0.011           56.479
         56.535           0.498            0.000            0.011           56.529
         56.585           0.498            0.000            0.011           56.579
         56.635           0.497            0.000            0.011           56.629
         56.686           0.497            0.000            0.011           56.679
         56.736           0.497            0.000            0.010           56.729
         56.786           0.497            0.000            0.010           56.779
         56.836           0.497            0.000            0.010           56.830
         56.886           0.497            0.000            0.010           56.880
         56.936           0.497            0.000            0.010           56.930
         56.986           0.496            0.000            0.010           56.980
         57.036           0.496            0.000            0.009           57.030
         57.086           0.496            0.000            0.009           57.080
         57.136           0.496            0.000            0.009           57.130
         57.186           0.496            0.000            0.009           57.180
         57.236           0.496            0.000            0.009           57.230
         57.286           0.495            0.000            0.008           57.280
         57.336           0.495            0.000            0.008           57.330
         57.386           0.495            0.000            0.008           57.380
         57.436           0.494            0.000            0.007           57.430
         57.486           0.493            0.000            0.006           57.480
         57.536           0.492            0.000            0.005           57.530
         57.586           0.492            0.000            0.004           57.580
         57.636           0.491            0.000            0.004           57.630
         57.686           0.490            0.000            0.003           57.680
         57.736           0.490            0.000            0.002           57.730
         57.786           0.489            0.000            0.002           57.780
         57.836           0.488            0.000            0.001           57.830
         57.886           0.488            0.000            0.000           57.880
         57.936           0.487            0.000            0.000           57.930
         57.986           0.487            0.000           -0.001           57.980
         58.036           0.486            0.000           -0.001           58.030
         58.086           0.485            0.000           -0.002           58.080
         58.136           0.484            0.000           -0.003           58.130
         58.186           0.483            0.000           -0.004           58.180
         58.236           0.483            0.000           -0.005           58.230
         58.286           0.482            0.000           -0.006           58.280
         58.336           0.481            0.000           -0.007           58.330
         58.386           0.480            0.000           -0.008           58.380
         58.436           0.479            0.000           -0.009           58.430
         58.486           0.478            0.000           -0.010           58.480
         58.536           0.477            0.000           -0.011           58.530
         58.586           0.476            0.000           -0.013           58.580
         58.636           0.475            0.000           -0.014           58.631
         58.686           0.474            0.000           -0.015           58.681
         58.737           0.473            0.000           -0.016           58.731
         58.787           0.472            0.000           -0.016           58.781
         58.837           0.472            0.000           -0.016           58.831
         58.887           0.471            0.000           -0.015           58.881
         58.937           0.470            0.000           -0.016           58.931
         58.987           0.469            0.000           -0.016           58.981
