           X               Y                Z                A                C
          0.028           1.382            0.000            0.135            0.000
          0.075           1.372            0.000            0.131            0.049
          0.124           1.363            0.000            0.127            0.098
          0.172           1.354            0.000            0.122            0.147
          0.220           1.346            0.000            0.118            0.196
          0.269           1.337            0.000            0.114            0.245
          0.318           1.330            0.000            0.110            0.295
          0.366           1.322            0.000            0.106            0.344
          0.415           1.314            0.000            0.102            0.394
          0.464           1.307            0.000            0.098            0.443
          0.513           1.300            0.000            0.093            0.493
          0.562           1.293            0.000            0.089            0.542
          0.611           1.286            0.000            0.084            0.592
          0.661           1.280            0.000            0.080            0.641
          0.710           1.274            0.000            0.075            0.691
          0.759           1.268            0.000            0.071            0.740
          0.808           1.262            0.000            0.067            0.790
          0.857           1.256            0.000            0.063            0.839
          0.906           1.251            0.000            0.059            0.888
          0.955           1.247            0.000            0.056            0.938
          1.004           1.242            0.000            0.054            0.987
          1.054           1.239            0.000            0.051            1.037
          1.103           1.235            0.000            0.049            1.086
          1.153           1.232            0.000            0.048            1.136
          1.203           1.229            0.000            0.047            1.186
          1.253           1.227            0.000            0.045            1.236
          1.302           1.224            0.000            0.044            1.286
          1.352           1.222            0.000            0.044            1.336
          1.402           1.219            0.000            0.043            1.386
          1.452           1.217            0.000            0.042            1.436
          1.502           1.215            0.000            0.042            1.485
          1.552           1.213            0.000            0.041            1.535
          1.601           1.212            0.000            0.041            1.585
          1.651           1.210            0.000            0.041            1.635
          1.701           1.209            0.000            0.042            1.685
          1.751           1.209            0.000            0.043            1.734
          1.801           1.208            0.000            0.044            1.784
          1.850           1.208            0.000            0.045            1.834
          1.900           1.208            0.000            0.047            1.884
          1.950           1.208            0.000            0.048            1.934
          2.000           1.208            0.000            0.050            1.984
          2.050           1.208            0.000            0.051            2.034
          2.100           1.208            0.000            0.053            2.084
          2.150           1.208            0.000            0.054            2.134
          2.200           1.208            0.000            0.056            2.184
          2.250           1.208            0.000            0.057            2.234
          2.300           1.208            0.000            0.059            2.284
          2.350           1.208            0.000            0.060            2.334
          2.401           1.208            0.000            0.061            2.384
          2.451           1.208            0.000            0.063            2.434
          2.501           1.207            0.000            0.064            2.484
          2.551           1.207            0.000            0.065            2.534
          2.601           1.207            0.000            0.067            2.584
          2.650           1.207            0.000            0.068            2.634
          2.700           1.207            0.000            0.070            2.684
          2.750           1.207            0.000            0.071            2.734
          2.800           1.207            0.000            0.073            2.784
          2.850           1.208            0.000            0.075            2.834
          2.900           1.208            0.000            0.076            2.884
          2.950           1.208            0.000            0.078            2.934
          3.001           1.208            0.000            0.079            2.984
          3.051           1.208            0.000            0.081            3.035
          3.101           1.207            0.000            0.082            3.085
          3.152           1.207            0.000            0.082            3.136
          3.202           1.206            0.000            0.083            3.186
          3.253           1.204            0.000            0.083            3.236
          3.303           1.203            0.000            0.083            3.287
          3.353           1.202            0.000            0.083            3.337
          3.403           1.200            0.000            0.084            3.386
          3.452           1.199            0.000            0.084            3.436
          3.502           1.198            0.000            0.084            3.486
          3.552           1.197            0.000            0.085            3.536
          3.602           1.197            0.000            0.086            3.585
          3.651           1.196            0.000            0.087            3.635
          3.702           1.196            0.000            0.087            3.685
          3.752           1.195            0.000            0.088            3.736
          3.802           1.194            0.000            0.089            3.786
          3.853           1.193            0.000            0.089            3.836
          3.903           1.192            0.000            0.090            3.887
          3.953           1.191            0.000            0.090            3.937
          4.003           1.189            0.000            0.090            3.987
          4.053           1.188            0.000            0.090            4.037
          4.103           1.186            0.000            0.090            4.087
          4.153           1.185            0.000            0.090            4.137
          4.203           1.184            0.000            0.090            4.187
          4.253           1.183            0.000            0.090            4.237
          4.303           1.181            0.000            0.090            4.287
          4.353           1.180            0.000            0.090            4.337
          4.403           1.178            0.000            0.091            4.387
          4.453           1.177            0.000            0.091            4.437
          4.502           1.176            0.000            0.091            4.486
          4.552           1.176            0.000            0.092            4.536
          4.602           1.175            0.000            0.093            4.586
          4.652           1.174            0.000            0.093            4.636
          4.703           1.173            0.000            0.094            4.687
          4.753           1.172            0.000            0.094            4.737
          4.804           1.171            0.000            0.094            4.788
          4.854           1.169            0.000            0.094            4.838
          4.904           1.168            0.000            0.094            4.888
          4.953           1.166            0.000            0.094            4.938
          5.003           1.165            0.000            0.094            4.987
          5.053           1.164            0.000            0.094            5.037
          5.103           1.162            0.000            0.094            5.087
          5.153           1.161            0.000            0.094            5.138
          5.204           1.159            0.000            0.094            5.188
          5.254           1.158            0.000            0.094            5.238
          5.303           1.157            0.000            0.094            5.288
          5.353           1.155            0.000            0.094            5.338
          5.403           1.154            0.000            0.094            5.387
          5.453           1.153            0.000            0.094            5.437
          5.503           1.152            0.000            0.095            5.487
          5.553           1.151            0.000            0.095            5.537
          5.603           1.150            0.000            0.095            5.587
          5.653           1.149            0.000            0.096            5.637
          5.703           1.147            0.000            0.096            5.688
          5.753           1.146            0.000            0.096            5.738
          5.803           1.145            0.000            0.096            5.788
          5.853           1.144            0.000            0.096            5.838
          5.903           1.142            0.000            0.096            5.888
          5.953           1.141            0.000            0.096            5.938
          6.003           1.140            0.000            0.097            5.988
          6.053           1.139            0.000            0.097            6.038
          6.104           1.138            0.000            0.097            6.088
          6.154           1.136            0.000            0.097            6.138
          6.204           1.135            0.000            0.097            6.188
          6.254           1.133            0.000            0.097            6.238
          6.303           1.132            0.000            0.097            6.288
          6.353           1.131            0.000            0.097            6.337
          6.402           1.130            0.000            0.098            6.387
          6.453           1.130            0.000            0.099            6.437
          6.503           1.129            0.000            0.099            6.488
          6.554           1.128            0.000            0.099            6.538
          6.604           1.126            0.000            0.099            6.589
          6.655           1.124            0.000            0.099            6.639
          6.705           1.123            0.000            0.098            6.689
          6.754           1.121            0.000            0.098            6.739
          6.804           1.119            0.000            0.097            6.789
          6.853           1.118            0.000            0.097            6.838
          6.903           1.117            0.000            0.097            6.888
          6.953           1.116            0.000            0.098            6.938
          7.003           1.115            0.000            0.098            6.987
          7.053           1.114            0.000            0.099            7.037
          7.103           1.113            0.000            0.099            7.088
          7.153           1.112            0.000            0.100            7.138
          7.203           1.111            0.000            0.100            7.188
          7.253           1.111            0.000            0.101            7.238
          7.302           1.110            0.000            0.101            7.287
          7.352           1.110            0.000            0.102            7.336
          7.401           1.109            0.000            0.103            7.386
          7.452           1.109            0.000            0.104            7.437
          7.503           1.109            0.000            0.105            7.488
          7.554           1.107            0.000            0.105            7.539
          7.605           1.106            0.000            0.105            7.590
          7.655           1.104            0.000            0.105            7.639
          7.704           1.103            0.000            0.105            7.688
          7.752           1.102            0.000            0.105            7.737
          7.802           1.102            0.000            0.106            7.787
          7.852           1.101            0.000            0.107            7.837
          7.903           1.101            0.000            0.108            7.888
          7.955           1.099            0.000            0.108            7.940
          8.006           1.097            0.000            0.107            7.991
          8.056           1.095            0.000            0.106            8.041
          8.105           1.093            0.000            0.105            8.090
          8.154           1.092            0.000            0.105            8.139
          8.203           1.091            0.000            0.105            8.188
          8.253           1.090            0.000            0.106            8.238
          8.304           1.089            0.000            0.106            8.289
          8.355           1.087            0.000            0.106            8.340
          8.405           1.086            0.000            0.105            8.391
          8.456           1.084            0.000            0.105            8.441
          8.505           1.082            0.000            0.104            8.490
          8.554           1.080            0.000            0.104            8.540
          8.604           1.079            0.000            0.104            8.589
          8.653           1.078            0.000            0.104            8.639
          8.704           1.077            0.000            0.104            8.689
          8.754           1.076            0.000            0.104            8.740
          8.805           1.074            0.000            0.104            8.790
          8.855           1.072            0.000            0.104            8.840
          8.905           1.071            0.000            0.103            8.890
          8.954           1.069            0.000            0.103            8.940
          9.003           1.068            0.000            0.103            8.989
          9.053           1.067            0.000            0.103            9.038
          9.102           1.067            0.000            0.104            9.088
          9.152           1.066            0.000            0.105            9.138
          9.202           1.066            0.000            0.106            9.188
          9.253           1.065            0.000            0.106            9.239
          9.304           1.064            0.000            0.107            9.289
          9.355           1.063            0.000            0.107            9.340
          9.405           1.061            0.000            0.106            9.390
          9.455           1.060            0.000            0.106            9.440
          9.504           1.058            0.000            0.106            9.490
          9.554           1.057            0.000            0.106            9.539
          9.603           1.056            0.000            0.106            9.589
          9.653           1.056            0.000            0.106            9.639
          9.703           1.055            0.000            0.107            9.689
          9.754           1.054            0.000            0.107            9.740
          9.805           1.052            0.000            0.107            9.790
          9.855           1.051            0.000            0.107            9.840
          9.905           1.049            0.000            0.107            9.890
          9.954           1.048            0.000            0.106            9.940
         10.004           1.047            0.000            0.106            9.990
         10.054           1.046            0.000            0.107           10.040
         10.104           1.045            0.000            0.107           10.090
         10.154           1.044            0.000            0.107           10.140
         10.205           1.042            0.000            0.106           10.191
         10.255           1.041            0.000            0.106           10.241
         10.305           1.039            0.000            0.106           10.291
         10.355           1.037            0.000            0.105           10.341
         10.405           1.036            0.000            0.105           10.391
         10.455           1.034            0.000            0.105           10.441
         10.504           1.033            0.000            0.104           10.490
         10.554           1.032            0.000            0.104           10.540
         10.604           1.030            0.000            0.104           10.590
         10.654           1.029            0.000            0.104           10.640
         10.704           1.028            0.000            0.104           10.690
         10.754           1.027            0.000            0.105           10.740
         10.804           1.026            0.000            0.105           10.790
         10.854           1.025            0.000            0.105           10.840
         10.904           1.024            0.000            0.105           10.890
         10.954           1.023            0.000            0.105           10.940
         11.004           1.021            0.000            0.105           10.990
         11.054           1.020            0.000            0.105           11.040
         11.104           1.019            0.000            0.105           11.090
         11.154           1.018            0.000            0.105           11.140
         11.204           1.017            0.000            0.105           11.190
         11.254           1.016            0.000            0.105           11.240
         11.304           1.015            0.000            0.105           11.290
         11.354           1.014            0.000            0.105           11.340
         11.404           1.013            0.000            0.105           11.390
         11.454           1.012            0.000            0.105           11.441
         11.505           1.010            0.000            0.105           11.491
         11.555           1.009            0.000            0.105           11.541
         11.605           1.007            0.000            0.105           11.591
         11.655           1.006            0.000            0.104           11.641
         11.704           1.005            0.000            0.104           11.690
         11.754           1.004            0.000            0.104           11.740
         11.803           1.003            0.000            0.105           11.790
         11.853           1.002            0.000            0.105           11.840
         11.904           1.001            0.000            0.105           11.890
         11.955           1.000            0.000            0.105           11.941
         12.006           0.999            0.000            0.105           11.992
         12.056           0.997            0.000            0.104           12.042
         12.106           0.995            0.000            0.103           12.092
         12.156           0.993            0.000            0.103           12.142
         12.205           0.991            0.000            0.102           12.192
         12.254           0.990            0.000            0.102           12.241
         12.304           0.989            0.000            0.102           12.290
         12.353           0.988            0.000            0.102           12.340
         12.403           0.987            0.000            0.103           12.390
         12.454           0.986            0.000            0.103           12.440
         12.504           0.985            0.000            0.103           12.491
         12.555           0.984            0.000            0.103           12.542
         12.606           0.982            0.000            0.102           12.592
         12.656           0.981            0.000            0.102           12.642
         12.706           0.979            0.000            0.101           12.692
         12.755           0.977            0.000            0.100           12.742
         12.805           0.976            0.000            0.100           12.791
         12.854           0.974            0.000            0.100           12.841
         12.904           0.973            0.000            0.100           12.891
         12.954           0.973            0.000            0.100           12.940
         13.004           0.972            0.000            0.100           12.990
         13.054           0.971            0.000            0.101           13.041
         13.105           0.970            0.000            0.101           13.091
         13.155           0.968            0.000            0.100           13.142
         13.206           0.967            0.000            0.100           13.192
         13.256           0.965            0.000            0.099           13.243
         13.306           0.963            0.000            0.098           13.293
         13.355           0.961            0.000            0.098           13.342
         13.405           0.960            0.000            0.097           13.392
         13.455           0.958            0.000            0.097           13.442
         13.505           0.956            0.000            0.096           13.492
         13.555           0.955            0.000            0.096           13.542
         13.605           0.953            0.000            0.095           13.592
         13.655           0.952            0.000            0.095           13.642
         13.705           0.950            0.000            0.094           13.692
         13.755           0.949            0.000            0.094           13.742
         13.805           0.947            0.000            0.093           13.792
         13.855           0.945            0.000            0.093           13.842
         13.905           0.944            0.000            0.092           13.892
         13.955           0.942            0.000            0.092           13.942
         14.005           0.941            0.000            0.091           13.992
         14.055           0.939            0.000            0.091           14.042
         14.105           0.938            0.000            0.090           14.092
         14.155           0.936            0.000            0.090           14.142
         14.205           0.935            0.000            0.089           14.192
         14.255           0.933            0.000            0.089           14.242
         14.305           0.931            0.000            0.088           14.292
         14.355           0.930            0.000            0.088           14.342
         14.405           0.928            0.000            0.087           14.392
         14.455           0.927            0.000            0.087           14.442
         14.505           0.925            0.000            0.086           14.492
         14.555           0.924            0.000            0.086           14.542
         14.605           0.922            0.000            0.086           14.592
         14.655           0.921            0.000            0.085           14.642
         14.704           0.920            0.000            0.085           14.692
         14.754           0.919            0.000            0.085           14.742
         14.804           0.917            0.000            0.084           14.792
         14.855           0.916            0.000            0.084           14.842
         14.904           0.915            0.000            0.084           14.892
         14.954           0.913            0.000            0.084           14.942
         15.004           0.912            0.000            0.083           14.992
         15.054           0.911            0.000            0.083           15.042
         15.104           0.909            0.000            0.083           15.092
         15.155           0.908            0.000            0.083           15.142
         15.205           0.907            0.000            0.082           15.192
         15.255           0.905            0.000            0.082           15.243
         15.305           0.904            0.000            0.081           15.293
         15.355           0.902            0.000            0.081           15.343
         15.405           0.901            0.000            0.080           15.393
         15.455           0.899            0.000            0.079           15.443
         15.505           0.897            0.000            0.079           15.493
         15.554           0.896            0.000            0.078           15.542
         15.604           0.895            0.000            0.078           15.592
         15.654           0.894            0.000            0.078           15.642
         15.704           0.893            0.000            0.078           15.692
         15.754           0.892            0.000            0.079           15.742
         15.804           0.891            0.000            0.079           15.792
         15.854           0.890            0.000            0.079           15.842
         15.905           0.889            0.000            0.078           15.893
         15.955           0.887            0.000            0.078           15.943
         16.005           0.885            0.000            0.077           15.993
         16.055           0.883            0.000            0.076           16.043
         16.105           0.882            0.000            0.075           16.093
         16.155           0.880            0.000            0.075           16.143
         16.204           0.879            0.000            0.074           16.193
         16.254           0.877            0.000            0.074           16.242
         16.304           0.877            0.000            0.074           16.292
         16.353           0.876            0.000            0.074           16.342
         16.403           0.875            0.000            0.075           16.392
         16.454           0.875            0.000            0.075           16.442
         16.504           0.874            0.000            0.075           16.492
         16.554           0.873            0.000            0.075           16.542
         16.605           0.872            0.000            0.075           16.593
         16.655           0.870            0.000            0.075           16.643
         16.705           0.869            0.000            0.074           16.693
         16.755           0.867            0.000            0.073           16.743
         16.805           0.865            0.000            0.073           16.793
         16.855           0.864            0.000            0.072           16.843
         16.904           0.863            0.000            0.072           16.893
         16.954           0.862            0.000            0.072           16.942
         17.003           0.861            0.000            0.072           16.992
         17.053           0.861            0.000            0.073           17.042
         17.103           0.860            0.000            0.073           17.092
         17.154           0.859            0.000            0.073           17.142
         17.204           0.859            0.000            0.074           17.193
         17.255           0.857            0.000            0.073           17.243
         17.305           0.856            0.000            0.072           17.294
         17.355           0.854            0.000            0.072           17.344
         17.405           0.852            0.000            0.071           17.394
         17.455           0.850            0.000            0.070           17.444
         17.505           0.848            0.000            0.069           17.493
         17.554           0.847            0.000            0.069           17.543
         17.604           0.846            0.000            0.068           17.593
         17.654           0.845            0.000            0.069           17.642
         17.703           0.844            0.000            0.069           17.692
         17.753           0.844            0.000            0.069           17.742
         17.803           0.844            0.000            0.070           17.792
         17.854           0.843            0.000            0.070           17.842
         17.904           0.842            0.000            0.070           17.893
         17.955           0.841            0.000            0.070           17.943
         18.005           0.839            0.000            0.069           17.994
         18.055           0.837            0.000            0.068           18.044
         18.105           0.836            0.000            0.067           18.094
         18.155           0.834            0.000            0.067           18.144
         18.205           0.832            0.000            0.066           18.193
         18.254           0.831            0.000            0.066           18.243
         18.304           0.831            0.000            0.066           18.292
         18.353           0.830            0.000            0.067           18.342
         18.403           0.830            0.000            0.067           18.392
         18.453           0.830            0.000            0.068           18.442
         18.503           0.830            0.000            0.069           18.492
         18.553           0.830            0.000            0.070           18.542
         18.604           0.829            0.000            0.070           18.593
         18.655           0.828            0.000            0.070           18.643
         18.705           0.827            0.000            0.069           18.694
         18.755           0.825            0.000            0.069           18.744
         18.805           0.823            0.000            0.068           18.794
         18.855           0.821            0.000            0.067           18.844
         18.905           0.820            0.000            0.066           18.894
         18.954           0.818            0.000            0.066           18.943
         19.004           0.818            0.000            0.066           18.993
         19.053           0.817            0.000            0.066           19.042
         19.103           0.817            0.000            0.067           19.092
         19.153           0.817            0.000            0.068           19.142
         19.203           0.817            0.000            0.069           19.192
         19.253           0.817            0.000            0.070           19.242
         19.304           0.817            0.000            0.070           19.293
         19.354           0.816            0.000            0.071           19.343
         19.405           0.815            0.000            0.070           19.394
         19.455           0.814            0.000            0.070           19.444
         19.506           0.812            0.000            0.069           19.495
         19.556           0.810            0.000            0.068           19.545
         19.605           0.808            0.000            0.067           19.595
         19.655           0.806            0.000            0.066           19.644
         19.705           0.805            0.000            0.065           19.694
         19.754           0.804            0.000            0.065           19.744
         19.804           0.803            0.000            0.065           19.793
         19.854           0.802            0.000            0.065           19.843
         19.904           0.802            0.000            0.066           19.893
         19.953           0.801            0.000            0.066           19.943
         20.004           0.801            0.000            0.067           19.993
         20.054           0.801            0.000            0.067           20.043
         20.104           0.800            0.000            0.067           20.094
         20.155           0.798            0.000            0.067           20.144
         20.206           0.797            0.000            0.066           20.195
         20.256           0.795            0.000            0.065           20.245
         20.306           0.793            0.000            0.063           20.295
         20.355           0.791            0.000            0.062           20.345
         20.405           0.789            0.000            0.062           20.394
         20.455           0.788            0.000            0.061           20.444
         20.504           0.787            0.000            0.061           20.494
         20.554           0.786            0.000            0.061           20.543
         20.604           0.785            0.000            0.061           20.593
         20.654           0.785            0.000            0.061           20.643
         20.704           0.784            0.000            0.062           20.693
         20.754           0.784            0.000            0.062           20.743
         20.804           0.783            0.000            0.062           20.794
         20.854           0.782            0.000            0.062           20.844
         20.905           0.781            0.000            0.062           20.894
         20.955           0.780            0.000            0.061           20.945
         21.005           0.778            0.000            0.061           20.995
         21.055           0.777            0.000            0.060           21.045
         21.105           0.775            0.000            0.059           21.094
         21.155           0.774            0.000            0.059           21.144
         21.204           0.773            0.000            0.059           21.194
         21.254           0.772            0.000            0.059           21.244
         21.304           0.772            0.000            0.059           21.293
         21.354           0.771            0.000            0.060           21.343
         21.404           0.771            0.000            0.060           21.393
         21.454           0.771            0.000            0.060           21.444
         21.504           0.770            0.000            0.061           21.494
         21.555           0.769            0.000            0.060           21.544
         21.605           0.768            0.000            0.060           21.595
         21.655           0.766            0.000            0.059           21.645
         21.706           0.764            0.000            0.058           21.695
         21.756           0.762            0.000            0.057           21.745
         21.805           0.761            0.000            0.056           21.795
         21.855           0.759            0.000            0.055           21.845
         21.905           0.757            0.000            0.054           21.895
         21.955           0.756            0.000            0.053           21.945
         22.004           0.755            0.000            0.053           21.994
         22.054           0.754            0.000            0.053           22.044
         22.104           0.753            0.000            0.053           22.094
         22.154           0.752            0.000            0.053           22.144
         22.204           0.752            0.000            0.054           22.194
         22.254           0.751            0.000            0.054           22.244
         22.304           0.750            0.000            0.054           22.294
         22.355           0.749            0.000            0.053           22.345
         22.405           0.748            0.000            0.053           22.395
         22.455           0.747            0.000            0.052           22.445
         22.505           0.745            0.000            0.051           22.495
         22.555           0.744            0.000            0.051           22.545
         22.605           0.742            0.000            0.050           22.595
         22.655           0.741            0.000            0.050           22.645
         22.704           0.740            0.000            0.050           22.694
         22.754           0.740            0.000            0.050           22.744
         22.804           0.739            0.000            0.050           22.794
         22.854           0.739            0.000            0.051           22.844
         22.904           0.739            0.000            0.052           22.894
         22.954           0.739            0.000            0.052           22.944
         23.004           0.739            0.000            0.053           22.994
         23.054           0.739            0.000            0.053           23.044
         23.104           0.738            0.000            0.054           23.094
         23.154           0.738            0.000            0.054           23.144
         23.205           0.737            0.000            0.054           23.195
         23.255           0.736            0.000            0.054           23.245
         23.305           0.735            0.000            0.053           23.295
         23.355           0.734            0.000            0.053           23.345
         23.405           0.733            0.000            0.053           23.395
         23.454           0.732            0.000            0.053           23.445
         23.504           0.731            0.000            0.053           23.494
         23.554           0.731            0.000            0.053           23.544
         23.604           0.730            0.000            0.053           23.594
         23.654           0.730            0.000            0.053           23.644
         23.704           0.729            0.000            0.053           23.695
         23.755           0.728            0.000            0.053           23.745
         23.805           0.727            0.000            0.053           23.795
         23.855           0.726            0.000            0.052           23.845
         23.905           0.724            0.000            0.052           23.895
         23.955           0.723            0.000            0.051           23.946
         24.006           0.721            0.000            0.050           23.996
         24.056           0.719            0.000            0.049           24.046
         24.105           0.717            0.000            0.047           24.096
         24.155           0.716            0.000            0.046           24.146
         24.205           0.714            0.000            0.046           24.195
         24.255           0.713            0.000            0.045           24.245
         24.305           0.712            0.000            0.045           24.295
         24.354           0.711            0.000            0.045           24.345
         24.404           0.710            0.000            0.045           24.395
         24.454           0.709            0.000            0.045           24.445
         24.504           0.709            0.000            0.045           24.495
         24.554           0.708            0.000            0.045           24.545
         24.605           0.707            0.000            0.045           24.595
         24.655           0.707            0.000            0.045           24.645
         24.705           0.705            0.000            0.044           24.695
         24.755           0.704            0.000            0.044           24.745
         24.805           0.703            0.000            0.043           24.795
         24.855           0.702            0.000            0.043           24.845
         24.905           0.701            0.000            0.042           24.895
         24.955           0.700            0.000            0.042           24.945
         25.004           0.699            0.000            0.042           24.995
         25.054           0.698            0.000            0.042           25.045
         25.104           0.698            0.000            0.042           25.095
         25.154           0.698            0.000            0.043           25.145
         25.204           0.697            0.000            0.043           25.195
         25.254           0.697            0.000            0.043           25.245
         25.304           0.697            0.000            0.044           25.295
         25.354           0.697            0.000            0.044           25.345
         25.404           0.696            0.000            0.044           25.395
         25.454           0.696            0.000            0.045           25.445
         25.505           0.695            0.000            0.045           25.495
         25.555           0.694            0.000            0.044           25.545
         25.605           0.693            0.000            0.044           25.595
         25.655           0.692            0.000            0.044           25.645
         25.705           0.691            0.000            0.043           25.695
         25.755           0.690            0.000            0.043           25.745
         25.805           0.689            0.000            0.042           25.795
         25.855           0.688            0.000            0.042           25.845
         25.905           0.687            0.000            0.042           25.895
         25.955           0.686            0.000            0.042           25.945
         26.005           0.685            0.000            0.042           25.995
         26.055           0.685            0.000            0.042           26.045
         26.105           0.684            0.000            0.042           26.095
         26.155           0.683            0.000            0.042           26.145
         26.205           0.683            0.000            0.042           26.195
         26.255           0.682            0.000            0.042           26.245
         26.305           0.681            0.000            0.042           26.295
         26.355           0.680            0.000            0.041           26.346
         26.405           0.679            0.000            0.041           26.396
         26.455           0.678            0.000            0.040           26.446
         26.505           0.677            0.000            0.040           26.496
         26.555           0.676            0.000            0.040           26.546
         26.605           0.675            0.000            0.039           26.596
         26.655           0.674            0.000            0.039           26.645
         26.705           0.673            0.000            0.039           26.695
         26.755           0.673            0.000            0.039           26.745
         26.805           0.672            0.000            0.039           26.795
         26.855           0.671            0.000            0.039           26.845
         26.905           0.671            0.000            0.039           26.895
         26.955           0.670            0.000            0.039           26.945
         27.005           0.669            0.000            0.038           26.996
         27.055           0.668            0.000            0.038           27.046
         27.105           0.667            0.000            0.038           27.096
         27.155           0.666            0.000            0.037           27.146
         27.205           0.665            0.000            0.037           27.196
         27.255           0.664            0.000            0.037           27.246
         27.305           0.663            0.000            0.036           27.296
         27.355           0.663            0.000            0.036           27.346
         27.405           0.662            0.000            0.036           27.396
         27.455           0.661            0.000            0.036           27.446
         27.505           0.660            0.000            0.036           27.496
         27.555           0.659            0.000            0.035           27.546
         27.605           0.659            0.000            0.035           27.596
         27.655           0.658            0.000            0.035           27.646
         27.705           0.657            0.000            0.035           27.696
         27.755           0.656            0.000            0.035           27.746
         27.805           0.656            0.000            0.035           27.796
         27.855           0.655            0.000            0.034           27.846
         27.905           0.654            0.000            0.034           27.896
         27.955           0.653            0.000            0.034           27.946
         28.005           0.652            0.000            0.034           27.996
         28.055           0.651            0.000            0.033           28.046
         28.105           0.651            0.000            0.033           28.096
         28.155           0.650            0.000            0.033           28.146
         28.205           0.649            0.000            0.033           28.196
         28.255           0.649            0.000            0.033           28.246
         28.305           0.648            0.000            0.033           28.296
         28.355           0.647            0.000            0.033           28.346
         28.405           0.646            0.000            0.032           28.396
         28.455           0.645            0.000            0.032           28.446
         28.505           0.645            0.000            0.032           28.496
         28.555           0.644            0.000            0.032           28.546
         28.605           0.643            0.000            0.031           28.596
         28.655           0.642            0.000            0.031           28.646
         28.705           0.641            0.000            0.031           28.696
         28.755           0.641            0.000            0.031           28.746
         28.805           0.640            0.000            0.031           28.796
         28.855           0.639            0.000            0.031           28.846
         28.905           0.639            0.000            0.031           28.896
         28.955           0.638            0.000            0.030           28.946
         29.005           0.637            0.000            0.030           28.996
         29.055           0.636            0.000            0.030           29.046
         29.105           0.636            0.000            0.030           29.096
         29.155           0.635            0.000            0.030           29.146
         29.205           0.635            0.000            0.030           29.196
         29.255           0.634            0.000            0.030           29.246
         29.305           0.634            0.000            0.030           29.296
         29.355           0.633            0.000            0.030           29.346
         29.405           0.633            0.000            0.031           29.396
         29.455           0.633            0.000            0.031           29.446
         29.505           0.632            0.000            0.031           29.496
         29.555           0.632            0.000            0.031           29.546
         29.605           0.631            0.000            0.031           29.596
         29.655           0.630            0.000            0.031           29.646
         29.705           0.630            0.000            0.031           29.696
         29.755           0.629            0.000            0.030           29.746
         29.805           0.628            0.000            0.030           29.796
         29.855           0.628            0.000            0.030           29.846
         29.905           0.627            0.000            0.030           29.896
         29.955           0.626            0.000            0.030           29.946
         30.005           0.626            0.000            0.030           29.996
         30.055           0.625            0.000            0.030           30.046
         30.105           0.624            0.000            0.030           30.096
         30.155           0.624            0.000            0.030           30.146
         30.205           0.623            0.000            0.030           30.196
         30.255           0.623            0.000            0.030           30.246
         30.305           0.622            0.000            0.030           30.296
         30.355           0.622            0.000            0.030           30.346
         30.405           0.622            0.000            0.030           30.396
         30.455           0.621            0.000            0.030           30.446
         30.505           0.621            0.000            0.030           30.496
         30.555           0.621            0.000            0.031           30.546
         30.605           0.620            0.000            0.030           30.596
         30.655           0.619            0.000            0.030           30.646
         30.705           0.619            0.000            0.030           30.696
         30.755           0.618            0.000            0.030           30.746
         30.805           0.617            0.000            0.029           30.796
         30.855           0.616            0.000            0.029           30.846
         30.905           0.615            0.000            0.028           30.896
         30.955           0.614            0.000            0.028           30.946
         31.005           0.614            0.000            0.028           30.996
         31.055           0.613            0.000            0.028           31.046
         31.105           0.613            0.000            0.028           31.096
         31.155           0.613            0.000            0.029           31.146
         31.205           0.612            0.000            0.029           31.196
         31.255           0.612            0.000            0.029           31.246
         31.305           0.612            0.000            0.029           31.296
         31.355           0.611            0.000            0.029           31.346
         31.406           0.610            0.000            0.029           31.397
         31.456           0.609            0.000            0.028           31.447
         31.506           0.607            0.000            0.027           31.497
         31.556           0.606            0.000            0.026           31.547
         31.606           0.605            0.000            0.025           31.597
         31.655           0.603            0.000            0.024           31.647
         31.705           0.602            0.000            0.024           31.697
         31.755           0.602            0.000            0.024           31.746
         31.805           0.601            0.000            0.024           31.796
         31.855           0.601            0.000            0.024           31.846
         31.905           0.601            0.000            0.025           31.896
         31.955           0.602            0.000            0.025           31.946
         32.005           0.602            0.000            0.026           31.996
         32.055           0.602            0.000            0.026           32.046
         32.105           0.601            0.000            0.027           32.096
         32.155           0.601            0.000            0.026           32.147
         32.206           0.600            0.000            0.026           32.197
         32.256           0.599            0.000            0.025           32.247
         32.306           0.597            0.000            0.025           32.297
         32.356           0.596            0.000            0.024           32.347
         32.405           0.595            0.000            0.023           32.397
         32.455           0.594            0.000            0.023           32.447
         32.505           0.594            0.000            0.023           32.497
         32.555           0.594            0.000            0.023           32.546
         32.605           0.594            0.000            0.024           32.596
         32.655           0.594            0.000            0.024           32.646
         32.705           0.595            0.000            0.025           32.696
         32.755           0.595            0.000            0.026           32.746
         32.805           0.596            0.000            0.027           32.796
         32.855           0.596            0.000            0.028           32.846
         32.905           0.596            0.000            0.028           32.897
         32.955           0.595            0.000            0.028           32.947
         33.006           0.594            0.000            0.028           32.997
         33.056           0.593            0.000            0.027           33.047
         33.106           0.592            0.000            0.026           33.097
         33.156           0.591            0.000            0.026           33.147
         33.206           0.590            0.000            0.025           33.197
         33.255           0.589            0.000            0.025           33.247
         33.305           0.589            0.000            0.025           33.297
         33.355           0.588            0.000            0.025           33.347
         33.405           0.588            0.000            0.025           33.396
         33.455           0.589            0.000            0.026           33.446
         33.505           0.589            0.000            0.027           33.496
         33.555           0.590            0.000            0.028           33.546
         33.605           0.590            0.000            0.029           33.597
         33.655           0.590            0.000            0.029           33.647
         33.706           0.590            0.000            0.029           33.697
         33.756           0.589            0.000            0.029           33.747
         33.806           0.588            0.000            0.028           33.797
         33.856           0.586            0.000            0.027           33.848
         33.906           0.585            0.000            0.026           33.898
         33.956           0.583            0.000            0.025           33.947
         34.006           0.582            0.000            0.024           33.997
         34.056           0.582            0.000            0.024           34.047
         34.105           0.581            0.000            0.024           34.097
         34.155           0.581            0.000            0.025           34.147
         34.205           0.582            0.000            0.026           34.196
         34.255           0.583            0.000            0.027           34.246
         34.305           0.584            0.000            0.029           34.296
         34.355           0.585            0.000            0.030           34.347
         34.405           0.585            0.000            0.031           34.397
         34.456           0.585            0.000            0.030           34.447
         34.506           0.583            0.000            0.030           34.498
         34.557           0.581            0.000            0.028           34.548
         34.606           0.579            0.000            0.026           34.598
         34.656           0.577            0.000            0.025           34.648
         34.706           0.575            0.000            0.023           34.698
         34.756           0.574            0.000            0.022           34.748
         34.805           0.574            0.000            0.022           34.797
         34.855           0.574            0.000            0.023           34.847
         34.905           0.574            0.000            0.024           34.897
         34.955           0.575            0.000            0.025           34.947
         35.005           0.576            0.000            0.027           34.997
         35.055           0.577            0.000            0.028           35.047
         35.105           0.578            0.000            0.029           35.097
         35.156           0.577            0.000            0.029           35.148
         35.206           0.576            0.000            0.028           35.198
         35.257           0.574            0.000            0.026           35.248
         35.307           0.572            0.000            0.025           35.298
         35.356           0.570            0.000            0.023           35.348
         35.406           0.568            0.000            0.022           35.398
         35.456           0.567            0.000            0.021           35.448
         35.506           0.566            0.000            0.020           35.498
         35.555           0.566            0.000            0.021           35.547
         35.605           0.567            0.000            0.021           35.597
         35.655           0.568            0.000            0.023           35.647
         35.705           0.569            0.000            0.024           35.697
         35.755           0.570            0.000            0.026           35.747
         35.805           0.571            0.000            0.027           35.797
         35.855           0.572            0.000            0.028           35.848
         35.906           0.571            0.000            0.028           35.898
         35.956           0.570            0.000            0.028           35.948
         36.006           0.569            0.000            0.026           35.999
         36.057           0.567            0.000            0.025           36.049
         36.106           0.565            0.000            0.023           36.099
         36.156           0.564            0.000            0.022           36.148
         36.206           0.563            0.000            0.022           36.198
         36.256           0.562            0.000            0.022           36.248
         36.305           0.562            0.000            0.022           36.298
         36.355           0.563            0.000            0.023           36.347
         36.405           0.564            0.000            0.025           36.397
         36.455           0.566            0.000            0.026           36.447
         36.505           0.567            0.000            0.028           36.497
         36.556           0.567            0.000            0.029           36.548
         36.606           0.567            0.000            0.029           36.598
         36.656           0.566            0.000            0.028           36.649
         36.707           0.564            0.000            0.027           36.699
         36.757           0.562            0.000            0.025           36.749
         36.807           0.560            0.000            0.024           36.799
         36.856           0.558            0.000            0.022           36.849
         36.906           0.557            0.000            0.021           36.899
         36.956           0.556            0.000            0.021           36.948
         37.006           0.556            0.000            0.021           36.998
         37.055           0.557            0.000            0.022           37.048
         37.105           0.558            0.000            0.023           37.098
         37.155           0.559            0.000            0.025           37.148
         37.206           0.560            0.000            0.026           37.198
         37.256           0.560            0.000            0.026           37.248
         37.306           0.559            0.000            0.026           37.299
         37.356           0.558            0.000            0.025           37.349
         37.407           0.557            0.000            0.024           37.399
         37.457           0.555            0.000            0.022           37.449
         37.507           0.553            0.000            0.021           37.499
         37.556           0.551            0.000            0.020           37.549
         37.606           0.550            0.000            0.019           37.599
         37.656           0.549            0.000            0.018           37.649
         37.706           0.549            0.000            0.018           37.698
         37.756           0.549            0.000            0.018           37.748
         37.806           0.549            0.000            0.019           37.798
         37.856           0.550            0.000            0.020           37.848
         37.906           0.550            0.000            0.021           37.898
         37.956           0.550            0.000            0.021           37.949
         38.006           0.550            0.000            0.021           37.999
         38.056           0.549            0.000            0.020           38.049
         38.107           0.547            0.000            0.019           38.099
         38.157           0.545            0.000            0.017           38.149
         38.206           0.543            0.000            0.016           38.199
         38.256           0.542            0.000            0.015           38.249
         38.306           0.541            0.000            0.014           38.299
         38.356           0.540            0.000            0.013           38.349
         38.406           0.540            0.000            0.014           38.399
         38.456           0.540            0.000            0.014           38.449
         38.506           0.541            0.000            0.015           38.498
         38.556           0.542            0.000            0.016           38.549
         38.606           0.542            0.000            0.017           38.599
         38.656           0.543            0.000            0.018           38.649
         38.706           0.542            0.000            0.018           38.699
         38.756           0.541            0.000            0.017           38.749
         38.806           0.540            0.000            0.016           38.799
         38.856           0.539            0.000            0.015           38.849
         38.906           0.538            0.000            0.014           38.899
         38.956           0.537            0.000            0.014           38.949
         39.006           0.536            0.000            0.013           38.999
         39.056           0.536            0.000            0.013           39.049
         39.106           0.536            0.000            0.014           39.099
         39.156           0.536            0.000            0.014           39.149
         39.206           0.536            0.000            0.014           39.199
         39.256           0.536            0.000            0.015           39.249
         39.306           0.536            0.000            0.015           39.299
         39.356           0.535            0.000            0.014           39.349
         39.406           0.535            0.000            0.014           39.399
         39.456           0.534            0.000            0.013           39.449
         39.506           0.533            0.000            0.012           39.499
         39.556           0.532            0.000            0.012           39.549
         39.606           0.531            0.000            0.011           39.599
         39.656           0.530            0.000            0.011           39.649
         39.706           0.530            0.000            0.011           39.699
         39.756           0.530            0.000            0.011           39.749
         39.806           0.530            0.000            0.011           39.799
         39.856           0.530            0.000            0.011           39.849
         39.906           0.529            0.000            0.011           39.899
         39.956           0.529            0.000            0.011           39.949
         40.006           0.529            0.000            0.011           39.999
         40.056           0.529            0.000            0.012           40.049
         40.106           0.529            0.000            0.012           40.099
         40.156           0.529            0.000            0.012           40.149
         40.206           0.528            0.000            0.012           40.199
         40.256           0.528            0.000            0.011           40.249
         40.306           0.527            0.000            0.011           40.299
         40.356           0.526            0.000            0.010           40.349
         40.406           0.525            0.000            0.010           40.399
         40.456           0.525            0.000            0.010           40.449
         40.506           0.525            0.000            0.010           40.499
         40.556           0.525            0.000            0.010           40.549
         40.606           0.525            0.000            0.011           40.599
         40.656           0.525            0.000            0.011           40.649
         40.706           0.525            0.000            0.011           40.699
         40.756           0.525            0.000            0.011           40.749
         40.806           0.525            0.000            0.011           40.799
         40.856           0.524            0.000            0.011           40.849
         40.906           0.524            0.000            0.011           40.899
         40.956           0.523            0.000            0.011           40.949
         41.006           0.523            0.000            0.010           40.999
         41.056           0.522            0.000            0.010           41.049
         41.106           0.522            0.000            0.010           41.099
         41.156           0.521            0.000            0.010           41.149
         41.206           0.521            0.000            0.010           41.199
         41.256           0.521            0.000            0.010           41.249
         41.306           0.521            0.000            0.010           41.299
         41.356           0.520            0.000            0.010           41.349
         41.406           0.520            0.000            0.009           41.399
         41.457           0.519            0.000            0.009           41.449
         41.507           0.519            0.000            0.008           41.499
         41.557           0.518            0.000            0.008           41.550
         41.607           0.517            0.000            0.007           41.600
         41.657           0.516            0.000            0.007           41.650
         41.707           0.516            0.000            0.006           41.699
         41.756           0.515            0.000            0.006           41.749
         41.806           0.515            0.000            0.006           41.799
         41.856           0.515            0.000            0.006           41.849
         41.906           0.515            0.000            0.006           41.899
         41.957           0.514            0.000            0.006           41.950
         42.007           0.514            0.000            0.006           42.000
         42.057           0.513            0.000            0.005           42.050
         42.107           0.512            0.000            0.005           42.100
         42.157           0.512            0.000            0.004           42.150
         42.207           0.511            0.000            0.004           42.200
         42.257           0.510            0.000            0.003           42.250
         42.307           0.510            0.000            0.003           42.300
         42.357           0.510            0.000            0.003           42.350
         42.407           0.509            0.000            0.003           42.400
         42.457           0.509            0.000            0.003           42.450
         42.507           0.508            0.000            0.002           42.500
         42.557           0.508            0.000            0.002           42.550
         42.607           0.507            0.000            0.002           42.600
         42.657           0.507            0.000            0.001           42.650
         42.707           0.506            0.000            0.001           42.700
         42.757           0.505            0.000            0.000           42.750
         42.807           0.504            0.000           -0.001           42.800
         42.857           0.503            0.000           -0.001           42.850
         42.907           0.503            0.000           -0.002           42.900
         42.957           0.502            0.000           -0.002           42.950
         43.007           0.501            0.000           -0.003           43.000
         43.057           0.500            0.000           -0.003           43.050
         43.107           0.500            0.000           -0.004           43.100
         43.157           0.499            0.000           -0.004           43.150
         43.207           0.498            0.000           -0.005           43.200
         43.257           0.498            0.000           -0.006           43.250
         43.307           0.497            0.000           -0.006           43.300
         43.357           0.496            0.000           -0.007           43.350
         43.407           0.495            0.000           -0.008           43.400
         43.457           0.494            0.000           -0.008           43.450
         43.507           0.493            0.000           -0.009           43.500
         43.557           0.492            0.000           -0.010           43.550
         43.606           0.491            0.000           -0.011           43.600
         43.656           0.490            0.000           -0.012           43.650
         43.706           0.488            0.000           -0.013           43.700
         43.756           0.487            0.000           -0.014           43.750
         43.806           0.486            0.000           -0.015           43.800
         43.856           0.485            0.000           -0.016           43.850
         43.907           0.484            0.000           -0.016           43.900
         43.956           0.483            0.000           -0.017           43.950
         44.006           0.483            0.000           -0.018           44.000
         44.056           0.482            0.000           -0.019           44.050
         44.106           0.481            0.000           -0.019           44.100
         44.156           0.480            0.000           -0.020           44.150
         44.206           0.478            0.000           -0.021           44.200
         44.256           0.477            0.000           -0.022           44.250
         44.306           0.476            0.000           -0.023           44.300
         44.356           0.475            0.000           -0.024           44.350
         44.406           0.474            0.000           -0.025           44.400
         44.456           0.473            0.000           -0.026           44.450
         44.506           0.472            0.000           -0.027           44.500
         44.556           0.471            0.000           -0.028           44.550
         44.606           0.470            0.000           -0.028           44.600
         44.656           0.469            0.000           -0.029           44.650
         44.706           0.468            0.000           -0.030           44.700
         44.756           0.467            0.000           -0.031           44.750
         44.806           0.466            0.000           -0.032           44.800
         44.856           0.465            0.000           -0.033           44.850
         44.906           0.463            0.000           -0.034           44.900
         44.956           0.462            0.000           -0.035           44.950
         45.006           0.461            0.000           -0.036           45.000
         45.056           0.460            0.000           -0.037           45.050
         45.106           0.459            0.000           -0.037           45.100
         45.156           0.458            0.000           -0.038           45.150
         45.206           0.457            0.000           -0.039           45.200
         45.256           0.456            0.000           -0.040           45.249
         45.306           0.455            0.000           -0.042           45.299
         45.356           0.454            0.000           -0.043           45.350
         45.406           0.452            0.000           -0.044           45.400
         45.456           0.451            0.000           -0.045           45.450
         45.506           0.451            0.000           -0.045           45.500
         45.556           0.450            0.000           -0.046           45.550
         45.606           0.449            0.000           -0.047           45.600
         45.656           0.448            0.000           -0.047           45.650
         45.706           0.447            0.000           -0.048           45.700
         45.756           0.446            0.000           -0.049           45.750
         45.806           0.445            0.000           -0.050           45.800
         45.856           0.444            0.000           -0.051           45.850
         45.906           0.443            0.000           -0.052           45.900
         45.956           0.442            0.000           -0.053           45.950
         46.006           0.441            0.000           -0.053           46.000
         46.056           0.440            0.000           -0.054           46.050
         46.106           0.439            0.000           -0.055           46.100
         46.156           0.438            0.000           -0.056           46.150
         46.206           0.437            0.000           -0.057           46.200
         46.256           0.436            0.000           -0.058           46.250
         46.306           0.435            0.000           -0.060           46.300
         46.356           0.434            0.000           -0.061           46.349
         46.406           0.433            0.000           -0.062           46.399
         46.455           0.432            0.000           -0.063           46.449
         46.506           0.430            0.000           -0.063           46.499
         46.556           0.429            0.000           -0.064           46.550
         46.606           0.428            0.000           -0.063           46.600
         46.656           0.427            0.000           -0.063           46.650
         46.706           0.426            0.000           -0.063           46.700
         46.756           0.425            0.000           -0.063           46.750
         46.806           0.424            0.000           -0.063           46.800
         46.856           0.423            0.000           -0.063           46.850
         46.906           0.422            0.000           -0.062           46.900
         46.956           0.420            0.000           -0.062           46.950
         47.006           0.419            0.000           -0.062           47.000
         47.056           0.418            0.000           -0.062           47.050
         47.106           0.417            0.000           -0.062           47.100
         47.156           0.416            0.000           -0.062           47.150
         47.206           0.415            0.000           -0.062           47.200
         47.256           0.414            0.000           -0.061           47.250
         47.306           0.413            0.000           -0.061           47.300
         47.356           0.412            0.000           -0.061           47.350
         47.406           0.411            0.000           -0.061           47.400
         47.456           0.410            0.000           -0.061           47.450
         47.506           0.409            0.000           -0.060           47.500
         47.556           0.408            0.000           -0.060           47.550
         47.606           0.407            0.000           -0.060           47.600
         47.657           0.407            0.000           -0.059           47.651
         47.707           0.406            0.000           -0.059           47.701
         47.757           0.405            0.000           -0.058           47.751
         47.806           0.405            0.000           -0.058           47.801
         47.856           0.404            0.000           -0.058           47.850
         47.906           0.403            0.000           -0.057           47.900
         47.956           0.402            0.000           -0.057           47.950
         48.007           0.401            0.000           -0.057           48.001
         48.057           0.400            0.000           -0.056           48.051
         48.107           0.400            0.000           -0.056           48.101
         48.157           0.399            0.000           -0.055           48.151
         48.207           0.399            0.000           -0.055           48.201
         48.257           0.398            0.000           -0.054           48.251
         48.307           0.397            0.000           -0.054           48.301
         48.357           0.397            0.000           -0.053           48.351
         48.407           0.396            0.000           -0.053           48.401
         48.457           0.395            0.000           -0.053           48.451
         48.507           0.394            0.000           -0.052           48.501
         48.557           0.393            0.000           -0.052           48.551
         48.607           0.393            0.000           -0.052           48.601
         48.657           0.392            0.000           -0.051           48.651
         48.707           0.392            0.000           -0.050           48.701
         48.757           0.391            0.000           -0.050           48.751
         48.807           0.390            0.000           -0.049           48.801
         48.857           0.390            0.000           -0.049           48.851
         48.907           0.389            0.000           -0.049           48.901
         48.957           0.388            0.000           -0.048           48.951
         49.007           0.388            0.000           -0.048           49.001
         49.057           0.387            0.000           -0.047           49.051
         49.107           0.387            0.000           -0.047           49.101
         49.157           0.386            0.000           -0.046           49.151
         49.207           0.386            0.000           -0.046           49.201
         49.257           0.385            0.000           -0.045           49.251
         49.307           0.385            0.000           -0.044           49.301
         49.357           0.384            0.000           -0.044           49.351
         49.407           0.384            0.000           -0.043           49.401
         49.457           0.383            0.000           -0.042           49.451
         49.507           0.383            0.000           -0.042           49.501
         49.557           0.382            0.000           -0.041           49.551
         49.607           0.382            0.000           -0.041           49.601
         49.657           0.381            0.000           -0.041           49.651
         49.707           0.380            0.000           -0.040           49.701
         49.757           0.380            0.000           -0.039           49.752
         49.808           0.380            0.000           -0.039           49.802
         49.858           0.379            0.000           -0.038           49.852
         49.908           0.379            0.000           -0.037           49.902
         49.957           0.379            0.000           -0.036           49.952
         50.007           0.379            0.000           -0.036           50.002
         50.057           0.378            0.000           -0.035           50.052
         50.107           0.377            0.000           -0.035           50.102
         50.157           0.377            0.000           -0.034           50.152
         50.208           0.377            0.000           -0.033           50.202
         50.258           0.376            0.000           -0.033           50.252
         50.308           0.376            0.000           -0.032           50.302
         50.358           0.376            0.000           -0.031           50.352
         50.408           0.376            0.000           -0.030           50.402
         50.458           0.376            0.000           -0.029           50.452
         50.508           0.376            0.000           -0.028           50.502
         50.558           0.375            0.000           -0.028           50.552
         50.608           0.375            0.000           -0.027           50.602
         50.658           0.375            0.000           -0.026           50.652
         50.708           0.375            0.000           -0.025           50.702
         50.758           0.375            0.000           -0.024           50.752
         50.808           0.375            0.000           -0.023           50.802
         50.858           0.375            0.000           -0.022           50.852
         50.908           0.375            0.000           -0.021           50.902
         50.958           0.375            0.000           -0.020           50.952
         51.008           0.375            0.000           -0.019           51.002
         51.058           0.375            0.000           -0.018           51.052
         51.108           0.375            0.000           -0.017           51.102
         51.158           0.375            0.000           -0.016           51.152
         51.208           0.375            0.000           -0.015           51.202
         51.258           0.375            0.000           -0.014           51.252
         51.308           0.375            0.000           -0.013           51.302
         51.358           0.376            0.000           -0.012           51.352
         51.408           0.376            0.000           -0.010           51.402
         51.458           0.376            0.000           -0.009           51.452
         51.508           0.377            0.000           -0.008           51.502
         51.558           0.377            0.000           -0.007           51.552
         51.608           0.377            0.000           -0.006           51.602
         51.658           0.377            0.000           -0.005           51.652
         51.708           0.377            0.000           -0.004           51.702
         51.758           0.377            0.000           -0.003           51.752
         51.808           0.377            0.000           -0.002           51.802
         51.858           0.377            0.000           -0.001           51.852
         51.908           0.377            0.000            0.001           51.902
         51.958           0.378            0.000            0.002           51.952
         52.008           0.378            0.000            0.003           52.002
         52.058           0.378            0.000            0.004           52.052
         52.108           0.379            0.000            0.006           52.102
         52.158           0.379            0.000            0.007           52.152
         52.208           0.379            0.000            0.008           52.202
         52.258           0.379            0.000            0.009           52.252
         52.308           0.380            0.000            0.010           52.302
         52.358           0.380            0.000            0.011           52.352
         52.408           0.380            0.000            0.013           52.402
         52.458           0.380            0.000            0.014           52.452
         52.508           0.381            0.000            0.015           52.502
         52.558           0.381            0.000            0.016           52.552
         52.608           0.381            0.000            0.017           52.602
         52.658           0.382            0.000            0.019           52.652
         52.708           0.382            0.000            0.020           52.702
         52.758           0.382            0.000            0.021           52.752
         52.808           0.383            0.000            0.022           52.802
         52.858           0.383            0.000            0.023           52.852
         52.908           0.383            0.000            0.025           52.902
         52.958           0.384            0.000            0.026           52.952
         53.008           0.384            0.000            0.027           53.002
         53.058           0.385            0.000            0.029           53.052
         53.108           0.385            0.000            0.030           53.102
         53.158           0.386            0.000            0.032           53.152
         53.208           0.386            0.000            0.033           53.202
         53.258           0.387            0.000            0.035           53.252
         53.308           0.388            0.000            0.036           53.302
         53.358           0.388            0.000            0.038           53.352
         53.408           0.389            0.000            0.039           53.402
         53.458           0.390            0.000            0.041           53.452
         53.508           0.390            0.000            0.042           53.502
         53.558           0.391            0.000            0.044           53.552
         53.608           0.391            0.000            0.045           53.602
         53.658           0.392            0.000            0.046           53.652
         53.708           0.392            0.000            0.047           53.702
         53.758           0.393            0.000            0.049           53.752
         53.808           0.393            0.000            0.050           53.802
         53.858           0.394            0.000            0.052           53.852
         53.908           0.395            0.000            0.053           53.902
         53.958           0.395            0.000            0.055           53.952
         54.008           0.396            0.000            0.056           54.002
         54.058           0.396            0.000            0.057           54.053
         54.108           0.396            0.000            0.058           54.103
         54.158           0.396            0.000            0.059           54.153
         54.208           0.396            0.000            0.060           54.203
         54.258           0.396            0.000            0.061           54.253
         54.308           0.396            0.000            0.061           54.303
         54.358           0.396            0.000            0.062           54.353
         54.409           0.396            0.000            0.063           54.403
         54.459           0.396            0.000            0.064           54.453
         54.509           0.396            0.000            0.064           54.503
         54.559           0.395            0.000            0.065           54.553
         54.609           0.395            0.000            0.065           54.603
         54.659           0.395            0.000            0.066           54.653
         54.709           0.395            0.000            0.067           54.703
         54.759           0.395            0.000            0.067           54.753
         54.809           0.395            0.000            0.068           54.803
         54.859           0.394            0.000            0.068           54.853
         54.909           0.394            0.000            0.069           54.903
         54.959           0.393            0.000            0.069           54.953
         55.009           0.393            0.000            0.070           55.003
         55.059           0.393            0.000            0.070           55.053
         55.109           0.393            0.000            0.071           55.103
         55.159           0.393            0.000            0.071           55.153
         55.209           0.392            0.000            0.072           55.203
         55.259           0.392            0.000            0.073           55.253
         55.309           0.392            0.000            0.074           55.303
         55.359           0.392            0.000            0.074           55.353
         55.409           0.392            0.000            0.075           55.403
         55.459           0.392            0.000            0.075           55.453
         55.509           0.392            0.000            0.076           55.503
         55.559           0.392            0.000            0.077           55.553
         55.610           0.391            0.000            0.077           55.604
