           X               Y                Z                A                C
          0.037           1.413            0.000            0.171            0.000
          0.085           1.402            0.000            0.166            0.049
          0.133           1.392            0.000            0.161            0.098
          0.181           1.382            0.000            0.156            0.148
          0.230           1.373            0.000            0.151            0.197
          0.279           1.363            0.000            0.146            0.247
          0.327           1.353            0.000            0.140            0.296
          0.375           1.344            0.000            0.135            0.345
          0.424           1.335            0.000            0.129            0.394
          0.472           1.326            0.000            0.124            0.443
          0.520           1.318            0.000            0.119            0.492
          0.568           1.310            0.000            0.114            0.541
          0.616           1.303            0.000            0.109            0.589
          0.664           1.296            0.000            0.104            0.638
          0.713           1.290            0.000            0.100            0.687
          0.761           1.284            0.000            0.096            0.736
          0.810           1.279            0.000            0.093            0.785
          0.860           1.274            0.000            0.089            0.835
          0.909           1.268            0.000            0.086            0.885
          0.959           1.263            0.000            0.082            0.935
          1.008           1.258            0.000            0.079            0.984
          1.058           1.253            0.000            0.075            1.034
          1.107           1.248            0.000            0.072            1.084
          1.157           1.244            0.000            0.068            1.133
          1.206           1.239            0.000            0.066            1.183
          1.255           1.235            0.000            0.063            1.232
          1.304           1.232            0.000            0.061            1.282
          1.354           1.229            0.000            0.060            1.331
          1.403           1.226            0.000            0.059            1.381
          1.453           1.224            0.000            0.058            1.430
          1.503           1.223            0.000            0.058            1.480
          1.552           1.221            0.000            0.058            1.530
          1.602           1.220            0.000            0.058            1.580
          1.652           1.218            0.000            0.058            1.629
          1.702           1.217            0.000            0.059            1.680
          1.752           1.216            0.000            0.059            1.730
          1.802           1.215            0.000            0.060            1.780
          1.852           1.214            0.000            0.060            1.830
          1.902           1.213            0.000            0.060            1.880
          1.952           1.212            0.000            0.061            1.929
          2.002           1.211            0.000            0.061            1.979
          2.052           1.210            0.000            0.062            2.029
          2.101           1.210            0.000            0.063            2.079
          2.151           1.209            0.000            0.065            2.129
          2.201           1.209            0.000            0.066            2.178
          2.251           1.209            0.000            0.068            2.228
          2.301           1.210            0.000            0.069            2.278
          2.351           1.210            0.000            0.071            2.328
          2.401           1.210            0.000            0.073            2.378
          2.451           1.210            0.000            0.074            2.428
          2.501           1.210            0.000            0.076            2.479
          2.551           1.210            0.000            0.077            2.529
          2.602           1.210            0.000            0.078            2.579
          2.652           1.209            0.000            0.079            2.630
          2.702           1.208            0.000            0.080            2.680
          2.753           1.208            0.000            0.081            2.730
          2.803           1.207            0.000            0.081            2.780
          2.853           1.206            0.000            0.082            2.830
          2.903           1.205            0.000            0.082            2.880
          2.952           1.204            0.000            0.083            2.930
          3.002           1.203            0.000            0.083            2.980
          3.052           1.202            0.000            0.084            3.030
          3.102           1.202            0.000            0.085            3.080
          3.152           1.201            0.000            0.086            3.130
          3.202           1.201            0.000            0.087            3.180
          3.252           1.200            0.000            0.088            3.230
          3.303           1.200            0.000            0.089            3.280
          3.353           1.199            0.000            0.089            3.331
          3.403           1.198            0.000            0.090            3.381
          3.453           1.197            0.000            0.090            3.431
          3.504           1.195            0.000            0.090            3.481
          3.554           1.194            0.000            0.091            3.532
          3.604           1.193            0.000            0.091            3.582
          3.654           1.191            0.000            0.091            3.632
          3.704           1.190            0.000            0.091            3.682
          3.754           1.189            0.000            0.091            3.731
          3.803           1.188            0.000            0.091            3.781
          3.853           1.187            0.000            0.092            3.831
          3.903           1.186            0.000            0.092            3.881
          3.953           1.185            0.000            0.093            3.931
          4.003           1.184            0.000            0.094            3.981
          4.053           1.183            0.000            0.094            4.031
          4.103           1.183            0.000            0.095            4.081
          4.153           1.182            0.000            0.095            4.131
          4.204           1.181            0.000            0.096            4.181
          4.254           1.180            0.000            0.096            4.232
          4.304           1.178            0.000            0.096            4.282
          4.354           1.177            0.000            0.097            4.332
          4.404           1.176            0.000            0.097            4.382
          4.454           1.175            0.000            0.097            4.432
          4.503           1.174            0.000            0.098            4.481
          4.553           1.173            0.000            0.098            4.531
          4.603           1.173            0.000            0.099            4.581
          4.653           1.172            0.000            0.100            4.631
          4.703           1.171            0.000            0.101            4.681
          4.753           1.171            0.000            0.102            4.731
          4.803           1.170            0.000            0.102            4.781
          4.853           1.170            0.000            0.103            4.831
          4.903           1.169            0.000            0.104            4.881
          4.954           1.168            0.000            0.104            4.932
          5.004           1.167            0.000            0.105            4.982
          5.054           1.166            0.000            0.105            5.032
          5.104           1.165            0.000            0.106            5.082
          5.154           1.164            0.000            0.106            5.132
          5.204           1.163            0.000            0.106            5.182
          5.254           1.162            0.000            0.106            5.232
          5.304           1.161            0.000            0.107            5.282
          5.354           1.160            0.000            0.107            5.332
          5.404           1.159            0.000            0.107            5.382
          5.454           1.158            0.000            0.108            5.432
          5.504           1.156            0.000            0.108            5.483
          5.554           1.155            0.000            0.108            5.533
          5.605           1.154            0.000            0.108            5.583
          5.655           1.153            0.000            0.109            5.633
          5.705           1.152            0.000            0.109            5.683
          5.755           1.151            0.000            0.109            5.733
          5.805           1.150            0.000            0.109            5.783
          5.855           1.148            0.000            0.109            5.833
          5.905           1.147            0.000            0.109            5.883
          5.955           1.145            0.000            0.109            5.934
          6.005           1.144            0.000            0.109            5.984
          6.056           1.143            0.000            0.109            6.034
          6.106           1.141            0.000            0.109            6.084
          6.156           1.140            0.000            0.109            6.134
          6.205           1.138            0.000            0.109            6.184
          6.255           1.137            0.000            0.109            6.234
          6.305           1.135            0.000            0.109            6.283
          6.355           1.134            0.000            0.109            6.333
          6.405           1.133            0.000            0.109            6.383
          6.454           1.132            0.000            0.110            6.433
          6.504           1.131            0.000            0.110            6.483
          6.555           1.130            0.000            0.110            6.533
          6.605           1.129            0.000            0.111            6.583
          6.655           1.128            0.000            0.111            6.634
          6.705           1.127            0.000            0.111            6.684
          6.755           1.126            0.000            0.111            6.734
          6.805           1.124            0.000            0.111            6.784
          6.855           1.123            0.000            0.111            6.833
          6.905           1.122            0.000            0.111            6.883
          6.954           1.121            0.000            0.112            6.933
          7.004           1.121            0.000            0.112            6.983
          7.054           1.120            0.000            0.113            7.033
          7.104           1.119            0.000            0.114            7.083
          7.155           1.118            0.000            0.114            7.133
          7.205           1.117            0.000            0.114            7.183
          7.255           1.117            0.000            0.115            7.233
          7.305           1.116            0.000            0.115            7.283
          7.355           1.115            0.000            0.116            7.334
          7.405           1.114            0.000            0.116            7.384
          7.455           1.113            0.000            0.116            7.434
          7.506           1.112            0.000            0.116            7.484
          7.556           1.110            0.000            0.116            7.534
          7.606           1.109            0.000            0.116            7.584
          7.656           1.108            0.000            0.116            7.634
          7.706           1.107            0.000            0.117            7.684
          7.756           1.105            0.000            0.117            7.734
          7.805           1.104            0.000            0.117            7.784
          7.855           1.103            0.000            0.117            7.834
          7.905           1.102            0.000            0.117            7.884
          7.955           1.101            0.000            0.118            7.934
          8.005           1.101            0.000            0.118            7.984
          8.055           1.100            0.000            0.119            8.034
          8.105           1.099            0.000            0.119            8.084
          8.155           1.098            0.000            0.120            8.134
          8.205           1.098            0.000            0.120            8.184
          8.256           1.097            0.000            0.121            8.235
          8.306           1.095            0.000            0.121            8.285
          8.357           1.094            0.000            0.121            8.335
          8.407           1.093            0.000            0.120            8.386
          8.457           1.091            0.000            0.120            8.436
          8.507           1.090            0.000            0.120            8.486
          8.557           1.088            0.000            0.120            8.535
          8.606           1.087            0.000            0.120            8.585
          8.656           1.086            0.000            0.120            8.635
          8.706           1.084            0.000            0.120            8.685
          8.756           1.083            0.000            0.120            8.735
          8.806           1.082            0.000            0.120            8.785
          8.855           1.081            0.000            0.120            8.834
          8.905           1.080            0.000            0.120            8.884
          8.955           1.079            0.000            0.121            8.934
          9.006           1.078            0.000            0.121            8.985
          9.056           1.077            0.000            0.121            9.035
          9.107           1.076            0.000            0.121            9.086
          9.157           1.075            0.000            0.121            9.136
          9.207           1.073            0.000            0.121            9.186
          9.257           1.072            0.000            0.121            9.236
          9.307           1.070            0.000            0.120            9.286
          9.357           1.069            0.000            0.120            9.336
          9.407           1.067            0.000            0.120            9.386
          9.457           1.066            0.000            0.120            9.436
          9.507           1.064            0.000            0.119            9.486
          9.557           1.063            0.000            0.119            9.536
          9.606           1.062            0.000            0.119            9.586
          9.656           1.061            0.000            0.119            9.635
          9.706           1.060            0.000            0.120            9.685
          9.756           1.059            0.000            0.120            9.735
          9.806           1.058            0.000            0.120            9.785
          9.856           1.057            0.000            0.121            9.835
          9.906           1.056            0.000            0.121            9.885
          9.956           1.055            0.000            0.121            9.936
         10.007           1.054            0.000            0.121            9.986
         10.057           1.053            0.000            0.121           10.036
         10.107           1.052            0.000            0.121           10.086
         10.157           1.050            0.000            0.121           10.136
         10.207           1.049            0.000            0.121           10.186
         10.257           1.048            0.000            0.121           10.236
         10.307           1.047            0.000            0.121           10.286
         10.357           1.046            0.000            0.121           10.336
         10.406           1.045            0.000            0.121           10.386
         10.456           1.044            0.000            0.121           10.436
         10.506           1.043            0.000            0.122           10.486
         10.556           1.042            0.000            0.122           10.535
         10.606           1.041            0.000            0.122           10.586
         10.656           1.040            0.000            0.123           10.636
         10.707           1.039            0.000            0.123           10.686
         10.757           1.038            0.000            0.123           10.736
         10.807           1.037            0.000            0.123           10.787
         10.857           1.036            0.000            0.123           10.837
         10.908           1.034            0.000            0.123           10.887
         10.958           1.033            0.000            0.122           10.937
         11.008           1.031            0.000            0.122           10.988
         11.058           1.029            0.000            0.121           11.038
         11.109           1.028            0.000            0.121           11.088
         11.159           1.026            0.000            0.120           11.138
         11.209           1.024            0.000            0.119           11.188
         11.259           1.022            0.000            0.119           11.238
         11.308           1.020            0.000            0.118           11.288
         11.358           1.019            0.000            0.118           11.337
         11.407           1.018            0.000            0.117           11.387
         11.456           1.017            0.000            0.118           11.436
         11.506           1.016            0.000            0.118           11.486
         11.556           1.015            0.000            0.118           11.536
         11.606           1.014            0.000            0.119           11.586
         11.657           1.013            0.000            0.119           11.637
         11.708           1.012            0.000            0.119           11.688
         11.758           1.011            0.000            0.118           11.738
         11.808           1.009            0.000            0.118           11.788
         11.858           1.007            0.000            0.117           11.838
         11.908           1.006            0.000            0.117           11.888
         11.958           1.004            0.000            0.116           11.938
         12.009           1.002            0.000            0.116           11.989
         12.059           1.000            0.000            0.115           12.040
         12.110           0.998            0.000            0.114           12.090
         12.160           0.995            0.000            0.112           12.140
         12.209           0.993            0.000            0.111           12.189
         12.258           0.992            0.000            0.111           12.238
         12.307           0.990            0.000            0.110           12.288
         12.356           0.989            0.000            0.111           12.337
         12.406           0.988            0.000            0.111           12.387
         12.456           0.988            0.000            0.111           12.437
         12.507           0.987            0.000            0.112           12.487
         12.557           0.986            0.000            0.112           12.538
         12.608           0.985            0.000            0.111           12.588
         12.659           0.983            0.000            0.111           12.639
         12.709           0.981            0.000            0.110           12.690
         12.759           0.979            0.000            0.109           12.740
         12.810           0.977            0.000            0.108           12.790
         12.859           0.975            0.000            0.107           12.840
         12.909           0.973            0.000            0.106           12.890
         12.959           0.971            0.000            0.105           12.939
         13.008           0.969            0.000            0.105           12.989
         13.058           0.967            0.000            0.104           13.039
         13.108           0.966            0.000            0.104           13.088
         13.158           0.965            0.000            0.104           13.138
         13.207           0.963            0.000            0.103           13.188
         13.257           0.962            0.000            0.103           13.238
         13.307           0.961            0.000            0.103           13.288
         13.357           0.960            0.000            0.103           13.338
         13.407           0.959            0.000            0.103           13.388
         13.457           0.958            0.000            0.103           13.438
         13.508           0.957            0.000            0.103           13.488
         13.558           0.956            0.000            0.103           13.539
         13.609           0.954            0.000            0.103           13.589
         13.659           0.952            0.000            0.102           13.640
         13.710           0.950            0.000            0.101           13.691
         13.760           0.948            0.000            0.099           13.741
         13.810           0.945            0.000            0.098           13.791
         13.859           0.943            0.000            0.097           13.840
         13.909           0.941            0.000            0.096           13.890
         13.958           0.940            0.000            0.095           13.939
         14.007           0.938            0.000            0.095           13.989
         14.057           0.937            0.000            0.095           14.038
         14.107           0.936            0.000            0.095           14.088
         14.157           0.936            0.000            0.096           14.138
         14.207           0.934            0.000            0.096           14.189
         14.258           0.933            0.000            0.095           14.239
         14.308           0.932            0.000            0.095           14.290
         14.359           0.930            0.000            0.094           14.340
         14.409           0.928            0.000            0.093           14.390
         14.459           0.926            0.000            0.093           14.440
         14.509           0.924            0.000            0.092           14.490
         14.559           0.922            0.000            0.091           14.540
         14.609           0.921            0.000            0.090           14.590
         14.659           0.919            0.000            0.089           14.640
         14.709           0.917            0.000            0.088           14.690
         14.759           0.915            0.000            0.088           14.740
         14.808           0.913            0.000            0.087           14.790
         14.858           0.912            0.000            0.087           14.839
         14.907           0.911            0.000            0.086           14.889
         14.957           0.910            0.000            0.087           14.938
         15.006           0.910            0.000            0.087           14.988
         15.056           0.909            0.000            0.088           15.038
         15.107           0.909            0.000            0.088           15.088
         15.157           0.908            0.000            0.089           15.139
         15.208           0.907            0.000            0.089           15.190
         15.259           0.906            0.000            0.088           15.240
         15.309           0.904            0.000            0.087           15.291
         15.359           0.902            0.000            0.086           15.341
         15.409           0.900            0.000            0.085           15.391
         15.459           0.898            0.000            0.084           15.441
         15.508           0.896            0.000            0.084           15.490
         15.557           0.895            0.000            0.084           15.539
         15.607           0.894            0.000            0.084           15.589
         15.657           0.894            0.000            0.084           15.639
         15.707           0.893            0.000            0.085           15.689
         15.757           0.893            0.000            0.085           15.739
         15.807           0.892            0.000            0.085           15.789
         15.857           0.891            0.000            0.086           15.839
         15.908           0.890            0.000            0.086           15.890
         15.958           0.889            0.000            0.086           15.940
         16.008           0.888            0.000            0.085           15.990
         16.058           0.887            0.000            0.085           16.040
         16.108           0.886            0.000            0.085           16.090
         16.158           0.885            0.000            0.085           16.140
         16.208           0.883            0.000            0.085           16.190
         16.258           0.882            0.000            0.084           16.240
         16.309           0.881            0.000            0.084           16.291
         16.359           0.879            0.000            0.083           16.341
         16.409           0.877            0.000            0.083           16.391
         16.459           0.876            0.000            0.082           16.441
         16.508           0.874            0.000            0.081           16.491
         16.558           0.873            0.000            0.081           16.540
         16.607           0.872            0.000            0.081           16.590
         16.657           0.871            0.000            0.081           16.639
         16.707           0.871            0.000            0.082           16.689
         16.756           0.871            0.000            0.083           16.739
         16.807           0.871            0.000            0.084           16.789
         16.857           0.870            0.000            0.084           16.839
         16.908           0.870            0.000            0.084           16.890
         16.959           0.868            0.000            0.084           16.941
         17.010           0.866            0.000            0.083           16.992
         17.060           0.864            0.000            0.082           17.042
         17.110           0.862            0.000            0.081           17.092
         17.159           0.861            0.000            0.080           17.142
         17.209           0.859            0.000            0.079           17.191
         17.259           0.858            0.000            0.079           17.241
         17.308           0.856            0.000            0.079           17.291
         17.358           0.855            0.000            0.078           17.340
         17.408           0.855            0.000            0.079           17.390
         17.457           0.854            0.000            0.079           17.440
         17.507           0.854            0.000            0.079           17.490
         17.557           0.853            0.000            0.080           17.540
         17.608           0.853            0.000            0.080           17.590
         17.658           0.852            0.000            0.080           17.641
         17.709           0.851            0.000            0.080           17.691
         17.759           0.849            0.000            0.079           17.742
         17.810           0.847            0.000            0.079           17.792
         17.860           0.845            0.000            0.077           17.843
         17.910           0.843            0.000            0.076           17.893
         17.960           0.841            0.000            0.075           17.942
         18.009           0.839            0.000            0.074           17.992
         18.059           0.838            0.000            0.074           18.041
         18.108           0.837            0.000            0.073           18.091
         18.158           0.836            0.000            0.074           18.140
         18.207           0.836            0.000            0.074           18.190
         18.257           0.835            0.000            0.075           18.240
         18.307           0.835            0.000            0.075           18.290
         18.358           0.835            0.000            0.076           18.340
         18.408           0.834            0.000            0.076           18.391
         18.459           0.833            0.000            0.076           18.442
         18.509           0.831            0.000            0.075           18.492
         18.560           0.830            0.000            0.075           18.542
         18.610           0.828            0.000            0.074           18.593
         18.660           0.826            0.000            0.073           18.642
         18.709           0.824            0.000            0.072           18.692
         18.759           0.823            0.000            0.071           18.742
         18.808           0.822            0.000            0.071           18.791
         18.858           0.821            0.000            0.071           18.841
         18.907           0.821            0.000            0.072           18.890
         18.957           0.821            0.000            0.073           18.940
         19.008           0.821            0.000            0.073           18.991
         19.058           0.820            0.000            0.074           19.041
         19.109           0.819            0.000            0.074           19.092
         19.159           0.818            0.000            0.073           19.142
         19.210           0.816            0.000            0.073           19.192
         19.260           0.815            0.000            0.072           19.243
         19.310           0.813            0.000            0.071           19.293
         19.359           0.812            0.000            0.070           19.342
         19.409           0.810            0.000            0.070           19.392
         19.459           0.809            0.000            0.070           19.442
         19.508           0.808            0.000            0.070           19.491
         19.558           0.808            0.000            0.070           19.541
         19.608           0.807            0.000            0.070           19.591
         19.658           0.807            0.000            0.071           19.641
         19.709           0.806            0.000            0.071           19.692
         19.760           0.805            0.000            0.070           19.743
         19.810           0.803            0.000            0.069           19.793
         19.860           0.801            0.000            0.068           19.843
         19.910           0.799            0.000            0.067           19.893
         19.959           0.798            0.000            0.067           19.943
         20.009           0.796            0.000            0.066           19.992
         20.059           0.795            0.000            0.066           20.042
         20.108           0.795            0.000            0.066           20.092
         20.158           0.794            0.000            0.066           20.141
         20.208           0.794            0.000            0.067           20.191
         20.258           0.794            0.000            0.067           20.241
         20.309           0.793            0.000            0.068           20.292
         20.359           0.792            0.000            0.068           20.342
         20.410           0.791            0.000            0.067           20.393
         20.460           0.789            0.000            0.066           20.444
         20.511           0.787            0.000            0.065           20.494
         20.560           0.785            0.000            0.064           20.544
         20.610           0.783            0.000            0.063           20.593
         20.659           0.781            0.000            0.062           20.643
         20.709           0.780            0.000            0.062           20.692
         20.758           0.780            0.000            0.062           20.742
         20.808           0.780            0.000            0.062           20.791
         20.858           0.780            0.000            0.063           20.841
         20.908           0.779            0.000            0.064           20.892
         20.958           0.779            0.000            0.064           20.942
         21.009           0.778            0.000            0.064           20.993
         21.060           0.777            0.000            0.064           21.043
         21.110           0.776            0.000            0.063           21.094
         21.161           0.773            0.000            0.062           21.144
         21.211           0.771            0.000            0.060           21.194
         21.261           0.769            0.000            0.059           21.244
         21.310           0.767            0.000            0.058           21.294
         21.360           0.765            0.000            0.057           21.343
         21.409           0.764            0.000            0.056           21.393
         21.458           0.764            0.000            0.057           21.442
         21.508           0.763            0.000            0.057           21.492
         21.558           0.764            0.000            0.058           21.542
         21.608           0.764            0.000            0.059           21.592
         21.658           0.764            0.000            0.060           21.642
         21.709           0.764            0.000            0.061           21.693
         21.760           0.763            0.000            0.060           21.743
         21.810           0.761            0.000            0.060           21.794
         21.861           0.759            0.000            0.058           21.845
         21.911           0.757            0.000            0.057           21.895
         21.961           0.754            0.000            0.055           21.945
         22.010           0.752            0.000            0.054           21.994
         22.060           0.750            0.000            0.053           22.044
         22.110           0.749            0.000            0.052           22.094
         22.159           0.748            0.000            0.052           22.143
         22.209           0.747            0.000            0.052           22.193
         22.259           0.747            0.000            0.052           22.243
         22.309           0.747            0.000            0.053           22.293
         22.359           0.747            0.000            0.053           22.343
         22.409           0.746            0.000            0.054           22.393
         22.459           0.745            0.000            0.054           22.444
         22.510           0.744            0.000            0.053           22.494
         22.560           0.742            0.000            0.052           22.545
         22.611           0.740            0.000            0.051           22.595
         22.661           0.738            0.000            0.050           22.645
         22.711           0.736            0.000            0.048           22.695
         22.760           0.734            0.000            0.047           22.745
         22.810           0.732            0.000            0.046           22.794
         22.860           0.731            0.000            0.045           22.844
         22.909           0.730            0.000            0.045           22.894
         22.959           0.729            0.000            0.045           22.943
         23.009           0.728            0.000            0.045           22.993
         23.059           0.728            0.000            0.046           23.043
         23.109           0.728            0.000            0.046           23.093
         23.159           0.728            0.000            0.046           23.143
         23.209           0.727            0.000            0.047           23.194
         23.260           0.726            0.000            0.046           23.244
         23.310           0.725            0.000            0.046           23.294
         23.360           0.723            0.000            0.045           23.345
         23.410           0.722            0.000            0.044           23.395
         23.460           0.720            0.000            0.043           23.445
         23.510           0.718            0.000            0.042           23.495
         23.560           0.717            0.000            0.041           23.545
         23.610           0.716            0.000            0.041           23.594
         23.660           0.715            0.000            0.040           23.644
         23.709           0.714            0.000            0.040           23.694
         23.759           0.713            0.000            0.041           23.744
         23.809           0.713            0.000            0.041           23.794
         23.859           0.713            0.000            0.042           23.844
         23.909           0.713            0.000            0.042           23.894
         23.959           0.712            0.000            0.042           23.944
         24.010           0.712            0.000            0.042           23.994
         24.060           0.711            0.000            0.042           24.045
         24.110           0.709            0.000            0.041           24.095
         24.160           0.708            0.000            0.041           24.145
         24.210           0.706            0.000            0.040           24.195
         24.260           0.704            0.000            0.039           24.245
         24.310           0.703            0.000            0.038           24.295
         24.360           0.701            0.000            0.037           24.345
         24.410           0.700            0.000            0.037           24.395
         24.460           0.699            0.000            0.036           24.444
         24.510           0.699            0.000            0.037           24.494
         24.559           0.699            0.000            0.037           24.544
         24.609           0.698            0.000            0.037           24.594
         24.660           0.698            0.000            0.038           24.644
         24.710           0.698            0.000            0.038           24.694
         24.760           0.697            0.000            0.038           24.745
         24.810           0.696            0.000            0.037           24.795
         24.861           0.694            0.000            0.037           24.845
         24.911           0.692            0.000            0.036           24.895
         24.961           0.691            0.000            0.034           24.945
         25.010           0.689            0.000            0.033           24.995
         25.060           0.688            0.000            0.033           25.045
         25.110           0.686            0.000            0.032           25.095
         25.160           0.686            0.000            0.032           25.145
         25.210           0.685            0.000            0.032           25.195
         25.260           0.685            0.000            0.032           25.245
         25.310           0.684            0.000            0.033           25.295
         25.360           0.684            0.000            0.033           25.345
         25.410           0.684            0.000            0.033           25.395
         25.460           0.683            0.000            0.033           25.445
         25.510           0.682            0.000            0.033           25.495
         25.560           0.681            0.000            0.033           25.545
         25.610           0.680            0.000            0.032           25.595
         25.660           0.679            0.000            0.032           25.645
         25.710           0.678            0.000            0.031           25.695
         25.760           0.676            0.000            0.030           25.745
         25.810           0.675            0.000            0.030           25.795
         25.860           0.674            0.000            0.029           25.845
         25.910           0.673            0.000            0.029           25.895
         25.960           0.672            0.000            0.028           25.945
         26.010           0.671            0.000            0.028           25.995
         26.060           0.670            0.000            0.028           26.045
         26.110           0.668            0.000            0.027           26.096
         26.160           0.667            0.000            0.026           26.146
         26.210           0.666            0.000            0.026           26.196
         26.260           0.665            0.000            0.026           26.246
         26.310           0.664            0.000            0.025           26.295
         26.360           0.663            0.000            0.025           26.345
         26.410           0.662            0.000            0.025           26.395
         26.460           0.662            0.000            0.025           26.445
         26.510           0.661            0.000            0.024           26.495
         26.560           0.660            0.000            0.024           26.546
         26.610           0.659            0.000            0.024           26.596
         26.660           0.658            0.000            0.024           26.646
         26.711           0.657            0.000            0.023           26.696
         26.761           0.656            0.000            0.023           26.746
         26.811           0.655            0.000            0.022           26.796
         26.861           0.654            0.000            0.022           26.846
         26.910           0.653            0.000            0.022           26.896
         26.960           0.652            0.000            0.021           26.946
         27.010           0.652            0.000            0.021           26.996
         27.060           0.651            0.000            0.022           27.046
         27.110           0.651            0.000            0.022           27.096
         27.160           0.651            0.000            0.022           27.146
         27.210           0.650            0.000            0.022           27.196
         27.261           0.650            0.000            0.022           27.246
         27.311           0.649            0.000            0.022           27.296
         27.361           0.648            0.000            0.021           27.346
         27.411           0.647            0.000            0.021           27.396
         27.461           0.645            0.000            0.020           27.446
         27.511           0.644            0.000            0.020           27.496
         27.561           0.643            0.000            0.019           27.546
         27.611           0.642            0.000            0.018           27.596
         27.661           0.641            0.000            0.018           27.646
         27.711           0.640            0.000            0.018           27.696
         27.761           0.640            0.000            0.018           27.746
         27.811           0.640            0.000            0.019           27.796
         27.861           0.639            0.000            0.019           27.846
         27.911           0.639            0.000            0.019           27.896
         27.961           0.638            0.000            0.019           27.946
         28.011           0.637            0.000            0.018           27.996
         28.061           0.636            0.000            0.018           28.046
         28.111           0.634            0.000            0.017           28.096
         28.161           0.633            0.000            0.016           28.146
         28.211           0.632            0.000            0.016           28.196
         28.261           0.631            0.000            0.015           28.246
         28.311           0.630            0.000            0.015           28.296
         28.361           0.630            0.000            0.015           28.346
         28.411           0.629            0.000            0.015           28.396
         28.461           0.629            0.000            0.015           28.446
         28.511           0.629            0.000            0.016           28.496
         28.561           0.628            0.000            0.016           28.546
         28.611           0.628            0.000            0.016           28.596
         28.661           0.627            0.000            0.015           28.646
         28.711           0.626            0.000            0.015           28.696
         28.761           0.626            0.000            0.015           28.746
         28.811           0.625            0.000            0.015           28.796
         28.861           0.624            0.000            0.015           28.847
         28.911           0.624            0.000            0.015           28.897
         28.961           0.623            0.000            0.015           28.947
         29.011           0.622            0.000            0.014           28.997
         29.061           0.621            0.000            0.014           29.047
         29.111           0.621            0.000            0.014           29.097
         29.161           0.620            0.000            0.014           29.147
         29.211           0.619            0.000            0.014           29.197
         29.261           0.619            0.000            0.014           29.247
         29.311           0.618            0.000            0.014           29.297
         29.361           0.618            0.000            0.014           29.347
         29.411           0.618            0.000            0.014           29.397
         29.461           0.618            0.000            0.015           29.447
         29.511           0.617            0.000            0.015           29.497
         29.561           0.617            0.000            0.015           29.547
         29.611           0.616            0.000            0.015           29.597
         29.661           0.616            0.000            0.015           29.647
         29.711           0.615            0.000            0.014           29.697
         29.761           0.614            0.000            0.014           29.747
         29.811           0.613            0.000            0.013           29.797
         29.861           0.612            0.000            0.013           29.847
         29.911           0.611            0.000            0.013           29.897
         29.961           0.610            0.000            0.012           29.947
         30.011           0.610            0.000            0.012           29.997
         30.061           0.609            0.000            0.012           30.047
         30.111           0.609            0.000            0.013           30.097
         30.161           0.609            0.000            0.013           30.147
         30.211           0.609            0.000            0.013           30.197
         30.261           0.609            0.000            0.014           30.247
         30.311           0.609            0.000            0.014           30.297
         30.362           0.608            0.000            0.014           30.347
         30.412           0.608            0.000            0.014           30.397
         30.462           0.607            0.000            0.014           30.447
         30.512           0.606            0.000            0.013           30.497
         30.562           0.605            0.000            0.013           30.547
         30.612           0.604            0.000            0.012           30.597
         30.662           0.603            0.000            0.012           30.647
         30.712           0.602            0.000            0.011           30.697
         30.762           0.601            0.000            0.011           30.747
         30.812           0.601            0.000            0.011           30.797
         30.862           0.601            0.000            0.012           30.847
         30.912           0.601            0.000            0.012           30.897
         30.962           0.601            0.000            0.013           30.947
         31.012           0.601            0.000            0.014           30.997
         31.062           0.601            0.000            0.014           31.047
         31.112           0.600            0.000            0.014           31.098
         31.162           0.599            0.000            0.013           31.148
         31.212           0.598            0.000            0.012           31.198
         31.262           0.597            0.000            0.012           31.248
         31.312           0.596            0.000            0.011           31.298
         31.362           0.595            0.000            0.010           31.348
         31.412           0.594            0.000            0.010           31.398
         31.462           0.594            0.000            0.010           31.448
         31.512           0.594            0.000            0.011           31.498
         31.562           0.594            0.000            0.011           31.548
         31.612           0.594            0.000            0.012           31.598
         31.662           0.594            0.000            0.012           31.648
         31.712           0.594            0.000            0.013           31.698
         31.762           0.594            0.000            0.013           31.748
         31.812           0.594            0.000            0.013           31.798
         31.862           0.593            0.000            0.013           31.848
         31.912           0.593            0.000            0.013           31.898
         31.962           0.592            0.000            0.013           31.948
         32.012           0.591            0.000            0.013           31.998
         32.062           0.591            0.000            0.013           32.048
         32.112           0.590            0.000            0.013           32.098
         32.162           0.590            0.000            0.013           32.148
         32.212           0.590            0.000            0.013           32.198
         32.262           0.589            0.000            0.013           32.248
         32.312           0.589            0.000            0.013           32.298
         32.362           0.590            0.000            0.014           32.348
         32.412           0.590            0.000            0.015           32.398
         32.462           0.590            0.000            0.016           32.448
         32.512           0.591            0.000            0.017           32.498
         32.562           0.591            0.000            0.017           32.548
         32.612           0.591            0.000            0.018           32.598
         32.662           0.590            0.000            0.018           32.648
         32.713           0.590            0.000            0.017           32.698
         32.763           0.589            0.000            0.017           32.748
         32.813           0.588            0.000            0.016           32.798
         32.863           0.587            0.000            0.016           32.848
         32.913           0.586            0.000            0.015           32.898
         32.962           0.586            0.000            0.015           32.948
         33.012           0.586            0.000            0.016           32.998
         33.062           0.586            0.000            0.016           33.048
         33.112           0.586            0.000            0.017           33.098
         33.162           0.586            0.000            0.017           33.148
         33.213           0.586            0.000            0.017           33.198
         33.263           0.585            0.000            0.017           33.248
         33.313           0.584            0.000            0.017           33.299
         33.363           0.584            0.000            0.017           33.349
         33.413           0.583            0.000            0.016           33.399
         33.463           0.581            0.000            0.015           33.449
         33.513           0.580            0.000            0.015           33.499
         33.563           0.580            0.000            0.014           33.549
         33.613           0.579            0.000            0.014           33.599
         33.663           0.578            0.000            0.014           33.649
         33.713           0.578            0.000            0.014           33.699
         33.763           0.578            0.000            0.014           33.749
         33.813           0.578            0.000            0.015           33.798
         33.863           0.579            0.000            0.016           33.848
         33.913           0.579            0.000            0.016           33.899
         33.963           0.579            0.000            0.017           33.949
         34.013           0.579            0.000            0.017           33.999
         34.063           0.579            0.000            0.017           34.049
         34.113           0.578            0.000            0.017           34.099
         34.163           0.578            0.000            0.017           34.149
         34.213           0.577            0.000            0.016           34.199
         34.263           0.576            0.000            0.016           34.249
         34.313           0.575            0.000            0.015           34.299
         34.363           0.574            0.000            0.015           34.349
         34.413           0.574            0.000            0.015           34.399
         34.463           0.574            0.000            0.016           34.449
         34.513           0.574            0.000            0.016           34.499
         34.563           0.575            0.000            0.017           34.549
         34.613           0.575            0.000            0.018           34.599
         34.663           0.576            0.000            0.019           34.649
         34.713           0.576            0.000            0.019           34.699
         34.763           0.575            0.000            0.019           34.749
         34.813           0.574            0.000            0.018           34.799
         34.864           0.573            0.000            0.017           34.850
         34.914           0.571            0.000            0.016           34.900
         34.963           0.570            0.000            0.015           34.949
         35.013           0.569            0.000            0.015           34.999
         35.063           0.569            0.000            0.014           35.049
         35.113           0.568            0.000            0.015           35.099
         35.163           0.568            0.000            0.015           35.149
         35.213           0.568            0.000            0.015           35.199
         35.263           0.568            0.000            0.016           35.249
         35.313           0.568            0.000            0.016           35.299
         35.363           0.568            0.000            0.016           35.349
         35.413           0.568            0.000            0.016           35.399
         35.463           0.568            0.000            0.017           35.449
         35.514           0.567            0.000            0.016           35.500
         35.564           0.567            0.000            0.016           35.550
         35.614           0.566            0.000            0.016           35.600
         35.664           0.565            0.000            0.015           35.650
         35.714           0.564            0.000            0.015           35.700
         35.764           0.564            0.000            0.015           35.750
         35.814           0.563            0.000            0.015           35.800
         35.863           0.563            0.000            0.015           35.850
         35.913           0.563            0.000            0.015           35.900
         35.963           0.563            0.000            0.015           35.950
         36.014           0.563            0.000            0.016           36.000
         36.064           0.563            0.000            0.016           36.050
         36.114           0.563            0.000            0.016           36.100
         36.164           0.562            0.000            0.016           36.150
         36.214           0.561            0.000            0.015           36.200
         36.264           0.560            0.000            0.015           36.250
         36.314           0.560            0.000            0.014           36.300
         36.364           0.559            0.000            0.014           36.350
         36.414           0.558            0.000            0.013           36.400
         36.464           0.558            0.000            0.013           36.450
         36.514           0.558            0.000            0.013           36.500
         36.564           0.558            0.000            0.013           36.550
         36.614           0.557            0.000            0.013           36.600
         36.664           0.557            0.000            0.013           36.650
         36.714           0.556            0.000            0.013           36.700
         36.764           0.556            0.000            0.013           36.750
         36.814           0.555            0.000            0.012           36.800
         36.864           0.554            0.000            0.012           36.850
         36.914           0.553            0.000            0.011           36.900
         36.964           0.552            0.000            0.011           36.950
         37.014           0.552            0.000            0.010           37.000
         37.064           0.551            0.000            0.010           37.050
         37.114           0.550            0.000            0.010           37.100
         37.164           0.550            0.000            0.009           37.150
         37.214           0.549            0.000            0.009           37.200
         37.264           0.549            0.000            0.009           37.250
         37.314           0.548            0.000            0.009           37.300
         37.364           0.548            0.000            0.008           37.350
         37.414           0.547            0.000            0.008           37.400
         37.464           0.546            0.000            0.008           37.450
         37.514           0.546            0.000            0.007           37.500
         37.564           0.545            0.000            0.007           37.550
         37.614           0.544            0.000            0.006           37.600
         37.664           0.543            0.000            0.005           37.650
         37.714           0.541            0.000            0.004           37.700
         37.764           0.540            0.000            0.003           37.750
         37.814           0.539            0.000            0.002           37.800
         37.864           0.537            0.000            0.001           37.851
         37.914           0.536            0.000            0.000           37.901
         37.964           0.534            0.000           -0.001           37.951
         38.014           0.533            0.000           -0.002           38.001
         38.064           0.532            0.000           -0.003           38.051
         38.114           0.531            0.000           -0.004           38.101
         38.164           0.530            0.000           -0.005           38.151
         38.214           0.528            0.000           -0.006           38.201
         38.264           0.527            0.000           -0.007           38.251
         38.314           0.525            0.000           -0.008           38.301
         38.364           0.524            0.000           -0.010           38.351
         38.414           0.522            0.000           -0.011           38.401
         38.464           0.520            0.000           -0.013           38.451
         38.514           0.519            0.000           -0.014           38.501
         38.564           0.517            0.000           -0.015           38.551
         38.614           0.516            0.000           -0.016           38.601
         38.664           0.515            0.000           -0.017           38.651
         38.714           0.513            0.000           -0.018           38.701
         38.764           0.512            0.000           -0.019           38.751
         38.814           0.510            0.000           -0.021           38.801
         38.864           0.509            0.000           -0.022           38.850
         38.914           0.507            0.000           -0.024           38.900
         38.964           0.505            0.000           -0.025           38.950
         39.014           0.503            0.000           -0.027           39.000
         39.064           0.501            0.000           -0.029           39.050
         39.114           0.499            0.000           -0.030           39.101
         39.164           0.498            0.000           -0.032           39.151
         39.214           0.496            0.000           -0.033           39.201
         39.264           0.495            0.000           -0.034           39.251
         39.314           0.493            0.000           -0.036           39.301
         39.363           0.491            0.000           -0.037           39.350
         39.413           0.490            0.000           -0.039           39.400
         39.463           0.488            0.000           -0.040           39.450
         39.513           0.486            0.000           -0.042           39.500
         39.563           0.484            0.000           -0.044           39.550
         39.613           0.482            0.000           -0.045           39.600
         39.663           0.480            0.000           -0.047           39.650
         39.713           0.478            0.000           -0.048           39.701
         39.763           0.477            0.000           -0.050           39.751
         39.813           0.475            0.000           -0.051           39.801
         39.863           0.474            0.000           -0.052           39.851
         39.913           0.472            0.000           -0.054           39.900
         39.963           0.470            0.000           -0.055           39.950
         40.013           0.468            0.000           -0.057           40.000
         40.063           0.466            0.000           -0.059           40.050
         40.113           0.464            0.000           -0.061           40.100
         40.163           0.462            0.000           -0.062           40.150
         40.213           0.460            0.000           -0.064           40.201
         40.263           0.459            0.000           -0.065           40.251
         40.314           0.458            0.000           -0.066           40.301
         40.364           0.457            0.000           -0.067           40.351
         40.414           0.456            0.000           -0.068           40.401
         40.463           0.454            0.000           -0.069           40.451
         40.513           0.453            0.000           -0.070           40.501
         40.563           0.451            0.000           -0.072           40.550
         40.612           0.449            0.000           -0.073           40.600
         40.662           0.447            0.000           -0.075           40.650
         40.712           0.445            0.000           -0.077           40.700
         40.762           0.443            0.000           -0.079           40.750
         40.813           0.441            0.000           -0.081           40.800
         40.863           0.439            0.000           -0.082           40.851
         40.913           0.438            0.000           -0.083           40.901
         40.963           0.437            0.000           -0.084           40.951
         41.013           0.435            0.000           -0.086           41.001
         41.063           0.434            0.000           -0.087           41.051
         41.112           0.432            0.000           -0.088           41.100
         41.161           0.430            0.000           -0.090           41.149
         41.211           0.427            0.000           -0.092           41.199
         41.261           0.425            0.000           -0.095           41.249
         41.312           0.423            0.000           -0.097           41.300
         41.362           0.421            0.000           -0.099           41.351
         41.413           0.419            0.000           -0.100           41.401
         41.463           0.418            0.000           -0.100           41.451
         41.513           0.417            0.000           -0.100           41.501
         41.563           0.415            0.000           -0.100           41.551
         41.612           0.414            0.000           -0.100           41.600
         41.662           0.412            0.000           -0.100           41.650
         41.711           0.410            0.000           -0.101           41.700
         41.761           0.408            0.000           -0.101           41.750
         41.812           0.406            0.000           -0.101           41.800
         41.862           0.404            0.000           -0.102           41.851
         41.913           0.403            0.000           -0.102           41.902
         41.964           0.401            0.000           -0.102           41.952
         42.014           0.400            0.000           -0.101           42.003
         42.064           0.400            0.000           -0.101           42.052
         42.113           0.398            0.000           -0.101           42.102
         42.163           0.397            0.000           -0.101           42.151
         42.212           0.395            0.000           -0.101           42.201
         42.262           0.394            0.000           -0.102           42.251
         42.313           0.392            0.000           -0.102           42.301
         42.363           0.391            0.000           -0.102           42.352
         42.414           0.389            0.000           -0.102           42.402
         42.464           0.388            0.000           -0.102           42.453
         42.514           0.387            0.000           -0.101           42.503
         42.564           0.386            0.000           -0.101           42.553
         42.613           0.385            0.000           -0.101           42.602
         42.663           0.384            0.000           -0.101           42.652
         42.713           0.382            0.000           -0.101           42.702
         42.763           0.381            0.000           -0.101           42.752
         42.813           0.379            0.000           -0.101           42.802
         42.863           0.378            0.000           -0.102           42.852
         42.913           0.376            0.000           -0.102           42.902
         42.964           0.375            0.000           -0.102           42.953
         43.014           0.374            0.000           -0.101           43.003
         43.064           0.373            0.000           -0.101           43.053
         43.114           0.372            0.000           -0.101           43.103
         43.164           0.371            0.000           -0.100           43.153
         43.214           0.370            0.000           -0.100           43.203
         43.264           0.369            0.000           -0.100           43.253
         43.314           0.368            0.000           -0.100           43.303
         43.364           0.367            0.000           -0.100           43.353
         43.414           0.366            0.000           -0.099           43.403
         43.464           0.365            0.000           -0.099           43.453
         43.515           0.364            0.000           -0.099           43.504
         43.565           0.363            0.000           -0.098           43.554
         43.615           0.362            0.000           -0.098           43.604
         43.665           0.362            0.000           -0.097           43.654
         43.715           0.361            0.000           -0.097           43.704
         43.764           0.360            0.000           -0.097           43.753
         43.814           0.359            0.000           -0.097           43.803
         43.864           0.357            0.000           -0.097           43.853
         43.914           0.356            0.000           -0.097           43.903
         43.964           0.355            0.000           -0.097           43.954
         44.015           0.354            0.000           -0.096           44.004
         44.065           0.353            0.000           -0.096           44.054
         44.116           0.353            0.000           -0.095           44.105
         44.166           0.352            0.000           -0.094           44.155
         44.216           0.352            0.000           -0.094           44.205
         44.266           0.351            0.000           -0.093           44.255
         44.315           0.351            0.000           -0.092           44.304
         44.365           0.350            0.000           -0.092           44.354
         44.415           0.349            0.000           -0.092           44.404
         44.465           0.348            0.000           -0.092           44.454
         44.516           0.347            0.000           -0.091           44.505
         44.567           0.347            0.000           -0.090           44.556
         44.617           0.347            0.000           -0.089           44.606
         44.667           0.347            0.000           -0.088           44.656
         44.716           0.347            0.000           -0.086           44.706
         44.766           0.347            0.000           -0.086           44.755
         44.816           0.346            0.000           -0.085           44.805
         44.866           0.345            0.000           -0.085           44.855
         44.916           0.345            0.000           -0.084           44.906
         44.967           0.345            0.000           -0.083           44.956
         45.017           0.345            0.000           -0.081           45.007
         45.067           0.345            0.000           -0.080           45.057
         45.117           0.346            0.000           -0.079           45.106
         45.167           0.346            0.000           -0.077           45.156
         45.217           0.345            0.000           -0.077           45.206
         45.267           0.345            0.000           -0.076           45.256
         45.317           0.345            0.000           -0.075           45.306
         45.367           0.345            0.000           -0.074           45.356
         45.417           0.345            0.000           -0.072           45.407
         45.467           0.345            0.000           -0.071           45.457
         45.517           0.345            0.000           -0.070           45.506
         45.567           0.345            0.000           -0.069           45.556
         45.617           0.345            0.000           -0.068           45.606
         45.667           0.344            0.000           -0.067           45.656
         45.717           0.344            0.000           -0.067           45.706
         45.767           0.344            0.000           -0.066           45.756
         45.817           0.344            0.000           -0.065           45.806
         45.867           0.344            0.000           -0.064           45.856
         45.917           0.344            0.000           -0.062           45.906
         45.967           0.344            0.000           -0.061           45.956
         46.017           0.344            0.000           -0.060           46.006
         46.067           0.343            0.000           -0.059           46.056
         46.117           0.343            0.000           -0.058           46.106
         46.167           0.343            0.000           -0.057           46.157
         46.217           0.343            0.000           -0.056           46.207
         46.267           0.343            0.000           -0.055           46.257
         46.317           0.343            0.000           -0.054           46.307
         46.367           0.343            0.000           -0.053           46.357
         46.417           0.343            0.000           -0.052           46.407
         46.468           0.343            0.000           -0.051           46.457
         46.518           0.344            0.000           -0.050           46.507
         46.568           0.344            0.000           -0.048           46.557
         46.618           0.344            0.000           -0.047           46.607
         46.668           0.344            0.000           -0.045           46.657
         46.718           0.345            0.000           -0.044           46.707
         46.768           0.345            0.000           -0.043           46.757
         46.818           0.345            0.000           -0.042           46.807
         46.868           0.345            0.000           -0.040           46.857
         46.918           0.346            0.000           -0.039           46.907
         46.968           0.346            0.000           -0.038           46.957
         47.018           0.347            0.000           -0.036           47.007
         47.068           0.347            0.000           -0.035           47.057
         47.118           0.347            0.000           -0.033           47.107
         47.168           0.347            0.000           -0.032           47.157
         47.218           0.347            0.000           -0.031           47.207
         47.268           0.347            0.000           -0.030           47.257
         47.318           0.347            0.000           -0.029           47.307
         47.368           0.347            0.000           -0.028           47.357
         47.418           0.347            0.000           -0.027           47.407
         47.468           0.347            0.000           -0.026           47.457
         47.518           0.347            0.000           -0.025           47.507
         47.568           0.347            0.000           -0.024           47.557
         47.618           0.348            0.000           -0.023           47.607
         47.668           0.348            0.000           -0.022           47.657
         47.718           0.348            0.000           -0.020           47.707
         47.768           0.349            0.000           -0.018           47.757
         47.818           0.350            0.000           -0.017           47.807
         47.868           0.351            0.000           -0.015           47.857
         47.918           0.351            0.000           -0.013           47.907
         47.968           0.351            0.000           -0.012           47.957
         48.018           0.352            0.000           -0.011           48.007
         48.068           0.352            0.000           -0.010           48.057
         48.118           0.352            0.000           -0.009           48.107
         48.168           0.352            0.000           -0.007           48.157
         48.218           0.353            0.000           -0.006           48.207
         48.268           0.353            0.000           -0.005           48.257
         48.318           0.354            0.000           -0.003           48.307
         48.368           0.354            0.000           -0.002           48.357
         48.418           0.354            0.000            0.000           48.407
         48.468           0.355            0.000            0.001           48.457
         48.518           0.355            0.000            0.002           48.508
         48.568           0.355            0.000            0.003           48.558
         48.618           0.356            0.000            0.005           48.608
         48.668           0.356            0.000            0.006           48.657
         48.718           0.357            0.000            0.008           48.707
         48.768           0.358            0.000            0.010           48.757
         48.818           0.359            0.000            0.012           48.807
         48.868           0.360            0.000            0.013           48.857
         48.918           0.361            0.000            0.015           48.908
         48.968           0.361            0.000            0.016           48.958
         49.018           0.361            0.000            0.017           49.008
         49.068           0.361            0.000            0.019           49.058
         49.118           0.362            0.000            0.020           49.108
         49.168           0.362            0.000            0.021           49.158
         49.218           0.363            0.000            0.023           49.208
         49.268           0.364            0.000            0.024           49.257
         49.318           0.364            0.000            0.026           49.307
         49.368           0.365            0.000            0.028           49.357
         49.418           0.366            0.000            0.029           49.408
         49.468           0.366            0.000            0.031           49.458
         49.518           0.367            0.000            0.032           49.508
         49.568           0.368            0.000            0.034           49.558
         49.618           0.368            0.000            0.035           49.608
         49.668           0.369            0.000            0.036           49.658
         49.718           0.369            0.000            0.038           49.708
         49.768           0.369            0.000            0.039           49.758
         49.818           0.370            0.000            0.040           49.808
         49.868           0.370            0.000            0.042           49.858
         49.918           0.371            0.000            0.043           49.908
         49.968           0.372            0.000            0.045           49.958
         50.018           0.372            0.000            0.046           50.008
         50.068           0.372            0.000            0.047           50.058
         50.118           0.373            0.000            0.048           50.108
         50.169           0.373            0.000            0.050           50.158
         50.219           0.373            0.000            0.051           50.208
         50.268           0.374            0.000            0.052           50.258
         50.318           0.374            0.000            0.053           50.308
         50.368           0.375            0.000            0.054           50.358
         50.418           0.375            0.000            0.056           50.408
         50.468           0.376            0.000            0.057           50.457
