           X               Y                Z                A                C
          0.041           1.300            0.000            0.150            0.000
          0.088           1.287            0.000            0.141            0.048
          0.134           1.274            0.000            0.132            0.096
          0.181           1.262            0.000            0.123            0.145
          0.228           1.251            0.000            0.115            0.193
          0.275           1.239            0.000            0.106            0.241
          0.322           1.228            0.000            0.098            0.290
          0.370           1.217            0.000            0.089            0.339
          0.417           1.207            0.000            0.082            0.387
          0.465           1.197            0.000            0.074            0.436
          0.513           1.187            0.000            0.066            0.485
          0.561           1.178            0.000            0.059            0.534
          0.610           1.168            0.000            0.052            0.584
          0.658           1.160            0.000            0.045            0.633
          0.707           1.151            0.000            0.039            0.682
          0.756           1.143            0.000            0.033            0.732
          0.804           1.136            0.000            0.027            0.781
          0.853           1.128            0.000            0.022            0.831
          0.903           1.121            0.000            0.017            0.880
          0.952           1.115            0.000            0.012            0.930
          1.001           1.109            0.000            0.008            0.980
          1.051           1.103            0.000            0.005            1.030
          1.101           1.098            0.000            0.001            1.080
          1.150           1.092            0.000           -0.002            1.130
          1.200           1.088            0.000           -0.005            1.180
          1.250           1.083            0.000           -0.007            1.230
          1.300           1.079            0.000           -0.009            1.280
          1.350           1.075            0.000           -0.011            1.330
          1.400           1.072            0.000           -0.012            1.380
          1.450           1.068            0.000           -0.014            1.430
          1.500           1.065            0.000           -0.015            1.480
          1.550           1.062            0.000           -0.016            1.530
          1.600           1.059            0.000           -0.017            1.580
          1.650           1.057            0.000           -0.017            1.630
          1.700           1.054            0.000           -0.018            1.680
          1.750           1.052            0.000           -0.018            1.730
          1.800           1.049            0.000           -0.018            1.781
          1.850           1.047            0.000           -0.019            1.831
          1.900           1.045            0.000           -0.019            1.881
          1.950           1.042            0.000           -0.019            1.931
          2.000           1.040            0.000           -0.020            1.981
          2.050           1.037            0.000           -0.020            2.031
          2.100           1.035            0.000           -0.021            2.081
          2.150           1.032            0.000           -0.021            2.131
          2.200           1.030            0.000           -0.022            2.181
          2.250           1.027            0.000           -0.023            2.231
          2.300           1.024            0.000           -0.023            2.281
          2.350           1.021            0.000           -0.024            2.331
          2.400           1.019            0.000           -0.025            2.381
          2.450           1.016            0.000           -0.025            2.431
          2.500           1.014            0.000           -0.026            2.481
          2.550           1.011            0.000           -0.027            2.531
          2.600           1.009            0.000           -0.027            2.581
          2.650           1.006            0.000           -0.027            2.631
          2.700           1.004            0.000           -0.028            2.682
          2.750           1.001            0.000           -0.028            2.732
          2.800           0.999            0.000           -0.029            2.782
          2.850           0.996            0.000           -0.029            2.832
          2.900           0.994            0.000           -0.030            2.882
          2.950           0.991            0.000           -0.030            2.932
          3.000           0.989            0.000           -0.031            2.982
          3.050           0.987            0.000           -0.031            3.032
          3.100           0.984            0.000           -0.032            3.082
          3.150           0.982            0.000           -0.032            3.132
          3.200           0.980            0.000           -0.032            3.182
          3.250           0.978            0.000           -0.032            3.233
          3.300           0.977            0.000           -0.032            3.283
          3.350           0.975            0.000           -0.031            3.333
          3.400           0.973            0.000           -0.031            3.383
          3.450           0.972            0.000           -0.031            3.433
          3.500           0.970            0.000           -0.031            3.483
          3.550           0.968            0.000           -0.030            3.533
          3.600           0.966            0.000           -0.030            3.583
          3.650           0.965            0.000           -0.030            3.633
          3.700           0.963            0.000           -0.030            3.683
          3.750           0.961            0.000           -0.030            3.733
          3.800           0.959            0.000           -0.030            3.783
          3.850           0.957            0.000           -0.030            3.833
          3.900           0.955            0.000           -0.030            3.883
          3.950           0.954            0.000           -0.030            3.933
          4.000           0.952            0.000           -0.030            3.983
          4.051           0.950            0.000           -0.029            4.034
          4.101           0.949            0.000           -0.029            4.084
          4.151           0.947            0.000           -0.029            4.134
          4.201           0.946            0.000           -0.028            4.184
          4.250           0.944            0.000           -0.028            4.234
          4.300           0.942            0.000           -0.028            4.284
          4.350           0.940            0.000           -0.028            4.334
          4.400           0.938            0.000           -0.028            4.384
          4.450           0.936            0.000           -0.029            4.434
          4.500           0.934            0.000           -0.029            4.484
          4.551           0.932            0.000           -0.029            4.534
          4.601           0.930            0.000           -0.029            4.584
          4.651           0.929            0.000           -0.029            4.634
          4.701           0.927            0.000           -0.028            4.684
          4.751           0.926            0.000           -0.028            4.734
          4.801           0.924            0.000           -0.027            4.785
          4.851           0.923            0.000           -0.027            4.835
          4.901           0.922            0.000           -0.026            4.885
          4.951           0.921            0.000           -0.026            4.935
          5.001           0.919            0.000           -0.025            4.984
          5.051           0.917            0.000           -0.025            5.034
          5.101           0.915            0.000           -0.026            5.084
          5.151           0.913            0.000           -0.026            5.134
          5.201           0.910            0.000           -0.027            5.184
          5.251           0.908            0.000           -0.027            5.234
          5.301           0.906            0.000           -0.028            5.285
          5.351           0.904            0.000           -0.028            5.335
          5.401           0.902            0.000           -0.028            5.385
          5.451           0.901            0.000           -0.027            5.435
          5.501           0.900            0.000           -0.027            5.485
          5.551           0.899            0.000           -0.026            5.535
          5.601           0.898            0.000           -0.025            5.585
          5.651           0.897            0.000           -0.025            5.635
          5.701           0.895            0.000           -0.024            5.685
          5.751           0.894            0.000           -0.024            5.735
          5.801           0.892            0.000           -0.024            5.785
          5.851           0.890            0.000           -0.024            5.835
          5.901           0.888            0.000           -0.025            5.885
          5.951           0.886            0.000           -0.025            5.935
          6.001           0.884            0.000           -0.025            5.985
          6.051           0.882            0.000           -0.025            6.036
          6.101           0.881            0.000           -0.025            6.086
          6.152           0.880            0.000           -0.024            6.136
          6.202           0.879            0.000           -0.024            6.186
          6.252           0.878            0.000           -0.023            6.236
          6.302           0.877            0.000           -0.021            6.286
          6.352           0.877            0.000           -0.020            6.336
          6.402           0.876            0.000           -0.019            6.386
          6.452           0.875            0.000           -0.018            6.436
          6.502           0.874            0.000           -0.018            6.486
          6.552           0.873            0.000           -0.018            6.536
          6.602           0.871            0.000           -0.018            6.586
          6.652           0.869            0.000           -0.018            6.636
          6.702           0.867            0.000           -0.018            6.686
          6.752           0.865            0.000           -0.019            6.736
          6.802           0.863            0.000           -0.019            6.786
          6.852           0.862            0.000           -0.018            6.837
          6.902           0.861            0.000           -0.018            6.887
          6.952           0.860            0.000           -0.017            6.937
          7.002           0.860            0.000           -0.016            6.987
          7.052           0.859            0.000           -0.015            7.037
          7.102           0.859            0.000           -0.013            7.087
          7.152           0.858            0.000           -0.013            7.137
          7.202           0.857            0.000           -0.012            7.187
          7.252           0.855            0.000           -0.012            7.237
          7.302           0.853            0.000           -0.012            7.287
          7.352           0.851            0.000           -0.013            7.337
          7.402           0.849            0.000           -0.013            7.387
          7.452           0.847            0.000           -0.014            7.437
          7.502           0.845            0.000           -0.014            7.487
          7.552           0.843            0.000           -0.014            7.537
          7.602           0.842            0.000           -0.014            7.587
          7.652           0.840            0.000           -0.014            7.637
          7.702           0.839            0.000           -0.014            7.687
          7.752           0.838            0.000           -0.014            7.737
          7.802           0.837            0.000           -0.013            7.787
          7.853           0.836            0.000           -0.012            7.837
          7.903           0.835            0.000           -0.012            7.887
          7.953           0.834            0.000           -0.011            7.937
          8.002           0.832            0.000           -0.011            7.987
          8.052           0.831            0.000           -0.011            8.037
          8.102           0.829            0.000           -0.012            8.087
          8.152           0.826            0.000           -0.013            8.137
          8.202           0.824            0.000           -0.014            8.187
          8.252           0.821            0.000           -0.014            8.237
          8.302           0.819            0.000           -0.015            8.288
          8.352           0.817            0.000           -0.016            8.338
          8.402           0.815            0.000           -0.016            8.388
          8.453           0.814            0.000           -0.016            8.438
          8.503           0.812            0.000           -0.016            8.488
          8.553           0.811            0.000           -0.015            8.538
          8.603           0.810            0.000           -0.015            8.588
          8.653           0.809            0.000           -0.015            8.638
          8.703           0.807            0.000           -0.015            8.688
          8.753           0.806            0.000           -0.015            8.738
          8.803           0.804            0.000           -0.015            8.788
          8.852           0.802            0.000           -0.015            8.838
          8.902           0.800            0.000           -0.016            8.888
          8.952           0.798            0.000           -0.017            8.938
          9.002           0.795            0.000           -0.018            8.988
          9.052           0.793            0.000           -0.019            9.038
          9.102           0.791            0.000           -0.020            9.088
          9.152           0.789            0.000           -0.020            9.138
          9.203           0.787            0.000           -0.020            9.188
          9.253           0.785            0.000           -0.021            9.239
          9.303           0.784            0.000           -0.020            9.289
          9.353           0.783            0.000           -0.020            9.339
          9.403           0.782            0.000           -0.020            9.389
          9.453           0.781            0.000           -0.020            9.439
          9.503           0.779            0.000           -0.019            9.489
          9.553           0.778            0.000           -0.019            9.539
          9.603           0.776            0.000           -0.020            9.589
          9.653           0.774            0.000           -0.020            9.639
          9.703           0.772            0.000           -0.021            9.689
          9.752           0.770            0.000           -0.021            9.739
          9.802           0.768            0.000           -0.022            9.789
          9.853           0.766            0.000           -0.023            9.839
          9.903           0.764            0.000           -0.023            9.889
          9.953           0.762            0.000           -0.024            9.939
         10.003           0.761            0.000           -0.024            9.989
         10.053           0.759            0.000           -0.024           10.039
         10.103           0.758            0.000           -0.024           10.089
         10.153           0.756            0.000           -0.024           10.139
         10.203           0.755            0.000           -0.024           10.189
         10.253           0.754            0.000           -0.024           10.239
         10.303           0.752            0.000           -0.024           10.289
         10.353           0.751            0.000           -0.024           10.339
         10.403           0.749            0.000           -0.025           10.389
         10.453           0.748            0.000           -0.025           10.439
         10.503           0.746            0.000           -0.025           10.489
         10.553           0.744            0.000           -0.026           10.539
         10.603           0.742            0.000           -0.026           10.589
         10.653           0.740            0.000           -0.027           10.639
         10.703           0.738            0.000           -0.028           10.689
         10.753           0.736            0.000           -0.028           10.740
         10.803           0.735            0.000           -0.029           10.790
         10.853           0.733            0.000           -0.029           10.840
         10.903           0.732            0.000           -0.029           10.890
         10.953           0.730            0.000           -0.029           10.940
         11.003           0.729            0.000           -0.029           10.990
         11.053           0.727            0.000           -0.029           11.040
         11.103           0.726            0.000           -0.030           11.090
         11.153           0.724            0.000           -0.030           11.140
         11.203           0.723            0.000           -0.030           11.190
         11.253           0.722            0.000           -0.030           11.240
         11.303           0.721            0.000           -0.030           11.290
         11.353           0.719            0.000           -0.030           11.340
         11.403           0.718            0.000           -0.030           11.390
         11.453           0.716            0.000           -0.031           11.440
         11.503           0.714            0.000           -0.031           11.490
         11.553           0.712            0.000           -0.032           11.540
         11.603           0.711            0.000           -0.032           11.590
         11.653           0.710            0.000           -0.032           11.640
         11.703           0.708            0.000           -0.032           11.690
         11.753           0.707            0.000           -0.032           11.741
         11.803           0.706            0.000           -0.032           11.791
         11.853           0.705            0.000           -0.032           11.841
         11.903           0.703            0.000           -0.032           11.891
         11.953           0.702            0.000           -0.032           11.941
         12.003           0.701            0.000           -0.032           11.991
         12.053           0.700            0.000           -0.032           12.041
         12.103           0.698            0.000           -0.032           12.091
         12.153           0.697            0.000           -0.032           12.141
         12.204           0.696            0.000           -0.032           12.191
         12.253           0.695            0.000           -0.032           12.241
         12.303           0.694            0.000           -0.032           12.291
         12.353           0.692            0.000           -0.033           12.341
         12.403           0.691            0.000           -0.033           12.391
         12.453           0.689            0.000           -0.033           12.441
         12.503           0.687            0.000           -0.034           12.491
         12.553           0.686            0.000           -0.034           12.541
         12.604           0.685            0.000           -0.034           12.591
         12.654           0.683            0.000           -0.034           12.641
         12.704           0.682            0.000           -0.034           12.691
         12.754           0.681            0.000           -0.034           12.741
         12.803           0.680            0.000           -0.034           12.791
         12.853           0.678            0.000           -0.035           12.841
         12.903           0.677            0.000           -0.035           12.891
         12.953           0.675            0.000           -0.036           12.941
         13.003           0.674            0.000           -0.036           12.991
         13.053           0.672            0.000           -0.037           13.041
         13.103           0.670            0.000           -0.037           13.091
         13.154           0.669            0.000           -0.038           13.141
         13.204           0.668            0.000           -0.038           13.191
         13.254           0.666            0.000           -0.038           13.241
         13.304           0.665            0.000           -0.038           13.292
         13.354           0.664            0.000           -0.038           13.342
         13.404           0.663            0.000           -0.038           13.392
         13.454           0.662            0.000           -0.038           13.442
         13.504           0.661            0.000           -0.037           13.492
         13.554           0.660            0.000           -0.037           13.542
         13.604           0.660            0.000           -0.037           13.592
         13.654           0.659            0.000           -0.037           13.642
         13.704           0.658            0.000           -0.037           13.692
         13.754           0.657            0.000           -0.037           13.742
         13.804           0.656            0.000           -0.036           13.792
         13.854           0.655            0.000           -0.036           13.842
         13.904           0.654            0.000           -0.036           13.892
         13.954           0.653            0.000           -0.036           13.942
         14.004           0.652            0.000           -0.036           13.992
         14.054           0.651            0.000           -0.036           14.042
         14.104           0.650            0.000           -0.036           14.092
         14.154           0.649            0.000           -0.036           14.142
         14.204           0.648            0.000           -0.036           14.192
         14.255           0.647            0.000           -0.036           14.242
         14.305           0.647            0.000           -0.035           14.293
         14.355           0.646            0.000           -0.035           14.343
         14.405           0.646            0.000           -0.034           14.393
         14.455           0.645            0.000           -0.034           14.443
         14.505           0.644            0.000           -0.033           14.493
         14.555           0.644            0.000           -0.033           14.542
         14.604           0.643            0.000           -0.033           14.592
         14.654           0.642            0.000           -0.033           14.642
         14.704           0.641            0.000           -0.033           14.692
         14.754           0.639            0.000           -0.033           14.742
         14.804           0.638            0.000           -0.034           14.792
         14.854           0.637            0.000           -0.034           14.842
         14.904           0.635            0.000           -0.035           14.892
         14.954           0.634            0.000           -0.035           14.942
         15.005           0.633            0.000           -0.035           14.993
         15.055           0.632            0.000           -0.035           15.043
         15.105           0.631            0.000           -0.035           15.093
         15.155           0.631            0.000           -0.034           15.143
         15.205           0.630            0.000           -0.034           15.193
         15.255           0.629            0.000           -0.034           15.243
         15.305           0.628            0.000           -0.034           15.293
         15.355           0.627            0.000           -0.034           15.343
         15.405           0.626            0.000           -0.035           15.393
         15.455           0.624            0.000           -0.035           15.443
         15.505           0.623            0.000           -0.035           15.493
         15.555           0.622            0.000           -0.035           15.543
         15.605           0.621            0.000           -0.035           15.593
         15.655           0.621            0.000           -0.035           15.643
         15.705           0.620            0.000           -0.034           15.693
         15.755           0.620            0.000           -0.034           15.743
         15.805           0.619            0.000           -0.033           15.793
         15.855           0.619            0.000           -0.033           15.843
         15.905           0.618            0.000           -0.033           15.893
         15.955           0.617            0.000           -0.033           15.943
         16.005           0.615            0.000           -0.034           15.993
         16.055           0.614            0.000           -0.034           16.043
         16.105           0.613            0.000           -0.035           16.093
         16.155           0.612            0.000           -0.035           16.143
         16.205           0.611            0.000           -0.034           16.194
         16.256           0.611            0.000           -0.033           16.244
         16.306           0.612            0.000           -0.032           16.294
         16.356           0.612            0.000           -0.032           16.344
         16.405           0.611            0.000           -0.031           16.394
         16.455           0.611            0.000           -0.031           16.444
         16.505           0.610            0.000           -0.031           16.493
         16.555           0.609            0.000           -0.031           16.543
         16.605           0.607            0.000           -0.031           16.593
         16.655           0.606            0.000           -0.032           16.643
         16.705           0.605            0.000           -0.032           16.694
         16.756           0.605            0.000           -0.032           16.744
         16.806           0.604            0.000           -0.031           16.794
         16.856           0.604            0.000           -0.031           16.844
         16.906           0.604            0.000           -0.030           16.894
         16.956           0.604            0.000           -0.029           16.944
         17.006           0.603            0.000           -0.029           16.994
         17.055           0.603            0.000           -0.028           17.044
         17.105           0.602            0.000           -0.029           17.094
         17.155           0.600            0.000           -0.029           17.144
         17.205           0.599            0.000           -0.030           17.193
         17.255           0.597            0.000           -0.031           17.243
         17.305           0.596            0.000           -0.031           17.294
         17.355           0.594            0.000           -0.032           17.344
         17.405           0.593            0.000           -0.032           17.394
         17.456           0.593            0.000           -0.032           17.444
         17.506           0.592            0.000           -0.032           17.494
         17.556           0.592            0.000           -0.031           17.544
         17.606           0.592            0.000           -0.031           17.595
         17.656           0.591            0.000           -0.030           17.644
         17.706           0.591            0.000           -0.030           17.694
         17.756           0.591            0.000           -0.029           17.744
         17.806           0.590            0.000           -0.030           17.794
         17.855           0.589            0.000           -0.030           17.844
         17.905           0.587            0.000           -0.030           17.894
         17.956           0.586            0.000           -0.031           17.944
         18.006           0.585            0.000           -0.031           17.994
         18.056           0.584            0.000           -0.031           18.044
         18.106           0.584            0.000           -0.031           18.095
         18.156           0.583            0.000           -0.031           18.145
         18.206           0.583            0.000           -0.030           18.195
         18.256           0.583            0.000           -0.030           18.245
         18.306           0.582            0.000           -0.029           18.295
         18.356           0.582            0.000           -0.029           18.345
         18.406           0.581            0.000           -0.029           18.395
         18.456           0.580            0.000           -0.029           18.444
         18.506           0.579            0.000           -0.029           18.495
         18.556           0.579            0.000           -0.029           18.545
         18.606           0.578            0.000           -0.029           18.595
         18.656           0.578            0.000           -0.029           18.645
         18.706           0.577            0.000           -0.028           18.695
         18.756           0.577            0.000           -0.028           18.745
         18.806           0.577            0.000           -0.027           18.795
         18.856           0.577            0.000           -0.026           18.845
         18.906           0.577            0.000           -0.026           18.895
         18.956           0.576            0.000           -0.026           18.945
         19.006           0.576            0.000           -0.026           18.995
         19.056           0.575            0.000           -0.026           19.045
         19.106           0.574            0.000           -0.026           19.095
         19.156           0.573            0.000           -0.026           19.145
         19.206           0.572            0.000           -0.027           19.195
         19.256           0.571            0.000           -0.027           19.245
         19.306           0.570            0.000           -0.027           19.295
         19.356           0.570            0.000           -0.027           19.345
         19.407           0.569            0.000           -0.026           19.395
         19.457           0.569            0.000           -0.026           19.445
         19.507           0.569            0.000           -0.026           19.495
         19.557           0.568            0.000           -0.025           19.545
         19.607           0.568            0.000           -0.025           19.595
         19.656           0.567            0.000           -0.025           19.645
         19.706           0.567            0.000           -0.025           19.695
         19.756           0.566            0.000           -0.025           19.745
         19.806           0.565            0.000           -0.026           19.795
         19.856           0.564            0.000           -0.026           19.845
         19.907           0.563            0.000           -0.026           19.895
         19.957           0.563            0.000           -0.026           19.945
         20.007           0.562            0.000           -0.026           19.995
         20.057           0.562            0.000           -0.026           20.045
         20.107           0.561            0.000           -0.025           20.096
         20.157           0.561            0.000           -0.025           20.146
         20.207           0.561            0.000           -0.025           20.196
         20.257           0.560            0.000           -0.024           20.246
         20.307           0.560            0.000           -0.024           20.296
         20.357           0.559            0.000           -0.024           20.346
         20.407           0.559            0.000           -0.024           20.396
         20.457           0.558            0.000           -0.024           20.446
         20.507           0.557            0.000           -0.024           20.496
         20.557           0.557            0.000           -0.024           20.546
         20.607           0.557            0.000           -0.024           20.596
         20.657           0.556            0.000           -0.023           20.646
         20.707           0.556            0.000           -0.023           20.696
         20.757           0.556            0.000           -0.022           20.746
         20.807           0.556            0.000           -0.022           20.796
         20.857           0.556            0.000           -0.021           20.846
         20.907           0.556            0.000           -0.021           20.896
         20.957           0.556            0.000           -0.021           20.946
         21.007           0.555            0.000           -0.021           20.996
         21.057           0.554            0.000           -0.021           21.046
         21.107           0.554            0.000           -0.021           21.096
         21.157           0.553            0.000           -0.021           21.146
         21.207           0.552            0.000           -0.022           21.196
         21.257           0.551            0.000           -0.022           21.246
         21.307           0.550            0.000           -0.022           21.296
         21.357           0.549            0.000           -0.022           21.346
         21.407           0.549            0.000           -0.022           21.396
         21.457           0.548            0.000           -0.022           21.446
         21.507           0.548            0.000           -0.022           21.496
         21.557           0.548            0.000           -0.021           21.546
         21.607           0.548            0.000           -0.021           21.596
         21.657           0.548            0.000           -0.021           21.646
         21.707           0.547            0.000           -0.020           21.696
         21.757           0.547            0.000           -0.020           21.746
         21.807           0.546            0.000           -0.020           21.796
         21.857           0.545            0.000           -0.021           21.846
         21.907           0.544            0.000           -0.021           21.896
         21.957           0.543            0.000           -0.022           21.946
         22.007           0.542            0.000           -0.022           21.996
         22.057           0.542            0.000           -0.022           22.046
         22.107           0.541            0.000           -0.022           22.096
         22.158           0.540            0.000           -0.022           22.146
         22.208           0.540            0.000           -0.022           22.196
         22.258           0.540            0.000           -0.022           22.246
         22.308           0.539            0.000           -0.022           22.297
         22.358           0.539            0.000           -0.022           22.347
         22.408           0.539            0.000           -0.021           22.397
         22.458           0.539            0.000           -0.021           22.447
         22.508           0.539            0.000           -0.020           22.497
         22.558           0.539            0.000           -0.020           22.547
         22.608           0.538            0.000           -0.020           22.597
         22.658           0.538            0.000           -0.020           22.647
         22.708           0.537            0.000           -0.020           22.697
         22.758           0.537            0.000           -0.020           22.747
         22.808           0.536            0.000           -0.020           22.797
         22.858           0.535            0.000           -0.020           22.847
         22.908           0.535            0.000           -0.020           22.897
         22.958           0.535            0.000           -0.020           22.947
         23.008           0.534            0.000           -0.020           22.997
         23.058           0.534            0.000           -0.019           23.047
         23.108           0.534            0.000           -0.019           23.097
         23.158           0.534            0.000           -0.019           23.147
         23.208           0.534            0.000           -0.018           23.197
         23.258           0.534            0.000           -0.018           23.247
         23.308           0.533            0.000           -0.018           23.297
         23.358           0.533            0.000           -0.018           23.347
         23.408           0.533            0.000           -0.018           23.397
         23.458           0.532            0.000           -0.017           23.447
         23.508           0.532            0.000           -0.017           23.497
         23.558           0.532            0.000           -0.017           23.547
         23.608           0.531            0.000           -0.017           23.597
         23.658           0.531            0.000           -0.017           23.647
         23.708           0.530            0.000           -0.017           23.697
         23.758           0.530            0.000           -0.017           23.747
         23.808           0.530            0.000           -0.017           23.797
         23.858           0.529            0.000           -0.017           23.847
         23.908           0.529            0.000           -0.017           23.897
         23.958           0.529            0.000           -0.017           23.947
         24.008           0.529            0.000           -0.016           23.997
         24.058           0.528            0.000           -0.016           24.047
         24.108           0.528            0.000           -0.016           24.097
         24.158           0.528            0.000           -0.016           24.147
         24.208           0.528            0.000           -0.015           24.197
         24.258           0.528            0.000           -0.015           24.247
         24.308           0.528            0.000           -0.015           24.297
         24.358           0.528            0.000           -0.014           24.347
         24.408           0.528            0.000           -0.014           24.397
         24.458           0.527            0.000           -0.014           24.447
         24.508           0.527            0.000           -0.014           24.497
         24.559           0.527            0.000           -0.013           24.547
         24.609           0.527            0.000           -0.013           24.598
         24.659           0.527            0.000           -0.012           24.648
         24.709           0.527            0.000           -0.012           24.698
         24.759           0.528            0.000           -0.011           24.748
         24.809           0.528            0.000           -0.010           24.798
         24.859           0.528            0.000           -0.010           24.848
         24.909           0.528            0.000           -0.009           24.898
         24.959           0.528            0.000           -0.009           24.948
         25.009           0.528            0.000           -0.009           24.998
         25.059           0.528            0.000           -0.008           25.048
         25.109           0.528            0.000           -0.008           25.098
         25.159           0.528            0.000           -0.008           25.148
         25.209           0.527            0.000           -0.008           25.198
         25.259           0.527            0.000           -0.008           25.248
         25.309           0.526            0.000           -0.008           25.298
         25.359           0.526            0.000           -0.008           25.348
         25.409           0.525            0.000           -0.009           25.398
         25.459           0.524            0.000           -0.009           25.448
         25.509           0.524            0.000           -0.009           25.498
         25.559           0.524            0.000           -0.009           25.548
         25.609           0.524            0.000           -0.009           25.598
         25.659           0.524            0.000           -0.008           25.648
         25.709           0.524            0.000           -0.008           25.698
         25.759           0.524            0.000           -0.007           25.748
         25.809           0.525            0.000           -0.006           25.798
         25.859           0.525            0.000           -0.006           25.848
         25.909           0.525            0.000           -0.005           25.898
         25.959           0.525            0.000           -0.005           25.948
         26.009           0.524            0.000           -0.006           25.998
         26.059           0.522            0.000           -0.007           26.048
         26.109           0.521            0.000           -0.008           26.098
         26.159           0.519            0.000           -0.009           26.148
         26.209           0.518            0.000           -0.010           26.198
         26.259           0.518            0.000           -0.010           26.248
         26.309           0.517            0.000           -0.010           26.298
         26.359           0.517            0.000           -0.010           26.348
         26.409           0.517            0.000           -0.010           26.398
         26.459           0.517            0.000           -0.009           26.448
         26.509           0.517            0.000           -0.009           26.498
         26.559           0.518            0.000           -0.008           26.548
         26.609           0.519            0.000           -0.007           26.598
         26.659           0.519            0.000           -0.006           26.648
         26.709           0.520            0.000           -0.005           26.698
         26.759           0.520            0.000           -0.005           26.748
         26.809           0.519            0.000           -0.005           26.798
         26.859           0.518            0.000           -0.006           26.848
         26.909           0.517            0.000           -0.007           26.898
         26.959           0.516            0.000           -0.007           26.948
         27.009           0.515            0.000           -0.008           26.998
         27.059           0.515            0.000           -0.008           27.048
         27.109           0.514            0.000           -0.008           27.099
         27.159           0.514            0.000           -0.008           27.149
         27.210           0.515            0.000           -0.007           27.199
         27.260           0.515            0.000           -0.007           27.249
         27.310           0.516            0.000           -0.006           27.299
         27.360           0.516            0.000           -0.005           27.349
         27.410           0.517            0.000           -0.004           27.399
         27.460           0.518            0.000           -0.002           27.449
         27.510           0.519            0.000           -0.001           27.499
         27.560           0.519            0.000           -0.001           27.549
         27.610           0.519            0.000           -0.001           27.599
         27.660           0.518            0.000           -0.001           27.649
         27.710           0.517            0.000           -0.002           27.699
         27.760           0.516            0.000           -0.003           27.749
         27.810           0.515            0.000           -0.004           27.799
         27.860           0.514            0.000           -0.005           27.849
         27.910           0.513            0.000           -0.005           27.899
         27.960           0.512            0.000           -0.006           27.949
         28.010           0.512            0.000           -0.006           27.999
         28.060           0.512            0.000           -0.005           28.049
         28.110           0.512            0.000           -0.005           28.099
         28.160           0.513            0.000           -0.004           28.149
         28.210           0.513            0.000           -0.003           28.199
         28.260           0.514            0.000           -0.003           28.249
         28.310           0.514            0.000           -0.002           28.299
         28.360           0.515            0.000           -0.001           28.349
         28.410           0.514            0.000           -0.001           28.399
         28.460           0.514            0.000           -0.002           28.449
         28.510           0.512            0.000           -0.003           28.499
         28.560           0.511            0.000           -0.004           28.549
         28.610           0.509            0.000           -0.006           28.599
         28.660           0.508            0.000           -0.007           28.649
         28.710           0.506            0.000           -0.008           28.699
         28.760           0.505            0.000           -0.009           28.749
         28.810           0.505            0.000           -0.009           28.799
         28.860           0.504            0.000           -0.009           28.849
         28.910           0.505            0.000           -0.009           28.900
         28.960           0.506            0.000           -0.008           28.950
         29.010           0.507            0.000           -0.006           29.000
         29.060           0.508            0.000           -0.005           29.050
         29.110           0.510            0.000           -0.003           29.100
         29.160           0.511            0.000           -0.002           29.150
         29.210           0.511            0.000           -0.001           29.200
         29.260           0.511            0.000           -0.001           29.250
         29.310           0.510            0.000           -0.002           29.300
         29.360           0.509            0.000           -0.003           29.350
         29.410           0.507            0.000           -0.004           29.400
         29.460           0.505            0.000           -0.006           29.450
         29.510           0.504            0.000           -0.007           29.500
         29.560           0.503            0.000           -0.008           29.550
         29.610           0.503            0.000           -0.008           29.600
         29.660           0.503            0.000           -0.007           29.650
         29.710           0.504            0.000           -0.006           29.700
         29.760           0.505            0.000           -0.005           29.750
         29.810           0.506            0.000           -0.004           29.800
         29.860           0.508            0.000           -0.002           29.850
         29.910           0.509            0.000           -0.001           29.900
         29.960           0.510            0.000            0.000           29.950
         30.010           0.510            0.000            0.001           30.000
         30.060           0.510            0.000            0.001           30.050
         30.110           0.509            0.000            0.000           30.100
         30.160           0.508            0.000           -0.001           30.150
         30.210           0.506            0.000           -0.002           30.200
         30.260           0.505            0.000           -0.003           30.250
         30.310           0.504            0.000           -0.004           30.300
         30.361           0.504            0.000           -0.005           30.350
         30.411           0.503            0.000           -0.005           30.400
         30.461           0.503            0.000           -0.005           30.450
         30.511           0.504            0.000           -0.004           30.500
         30.561           0.504            0.000           -0.004           30.550
         30.611           0.505            0.000           -0.003           30.600
         30.661           0.506            0.000           -0.001           30.650
         30.711           0.507            0.000            0.000           30.700
         30.761           0.508            0.000            0.001           30.750
         30.811           0.508            0.000            0.001           30.800
         30.861           0.508            0.000            0.001           30.850
         30.911           0.507            0.000            0.000           30.900
         30.961           0.506            0.000            0.000           30.951
         31.011           0.505            0.000           -0.001           31.001
         31.061           0.504            0.000           -0.002           31.051
         31.111           0.504            0.000           -0.003           31.101
         31.161           0.503            0.000           -0.003           31.151
         31.211           0.503            0.000           -0.004           31.201
         31.261           0.503            0.000           -0.004           31.251
         31.311           0.503            0.000           -0.003           31.301
         31.361           0.503            0.000           -0.003           31.351
         31.411           0.504            0.000           -0.002           31.401
         31.461           0.505            0.000           -0.001           31.451
         31.511           0.505            0.000            0.000           31.501
         31.561           0.506            0.000            0.000           31.551
         31.611           0.506            0.000            0.000           31.601
         31.661           0.505            0.000            0.000           31.651
         31.711           0.505            0.000            0.000           31.701
         31.761           0.504            0.000           -0.001           31.751
         31.811           0.503            0.000           -0.002           31.801
         31.861           0.503            0.000           -0.002           31.851
         31.911           0.502            0.000           -0.003           31.901
         31.961           0.501            0.000           -0.004           31.951
         32.011           0.501            0.000           -0.004           32.001
         32.061           0.500            0.000           -0.004           32.051
         32.111           0.501            0.000           -0.004           32.101
         32.161           0.501            0.000           -0.004           32.151
         32.211           0.501            0.000           -0.003           32.201
         32.261           0.502            0.000           -0.002           32.251
         32.311           0.502            0.000           -0.002           32.301
         32.361           0.502            0.000           -0.002           32.351
         32.411           0.502            0.000           -0.002           32.401
         32.461           0.502            0.000           -0.002           32.451
         32.511           0.502            0.000           -0.002           32.501
         32.561           0.502            0.000           -0.002           32.551
         32.611           0.501            0.000           -0.003           32.601
         32.661           0.501            0.000           -0.003           32.651
         32.711           0.500            0.000           -0.003           32.701
         32.761           0.500            0.000           -0.003           32.751
         32.811           0.500            0.000           -0.003           32.801
         32.861           0.501            0.000           -0.003           32.851
         32.911           0.501            0.000           -0.002           32.901
         32.961           0.502            0.000           -0.001           32.951
         33.012           0.503            0.000           -0.001           33.001
         33.062           0.503            0.000            0.000           33.051
         33.112           0.503            0.000            0.000           33.101
         33.162           0.504            0.000            0.001           33.151
         33.212           0.504            0.000            0.001           33.201
         33.262           0.504            0.000            0.001           33.251
         33.312           0.504            0.000            0.001           33.301
         33.362           0.504            0.000            0.001           33.351
         33.412           0.504            0.000            0.001           33.401
         33.462           0.504            0.000            0.001           33.451
         33.512           0.505            0.000            0.002           33.502
         33.562           0.505            0.000            0.002           33.552
         33.612           0.506            0.000            0.003           33.602
         33.662           0.506            0.000            0.004           33.652
         33.712           0.507            0.000            0.004           33.702
         33.762           0.508            0.000            0.005           33.752
         33.812           0.508            0.000            0.006           33.802
         33.862           0.509            0.000            0.006           33.852
         33.912           0.509            0.000            0.006           33.902
         33.962           0.509            0.000            0.006           33.952
         34.012           0.508            0.000            0.006           34.002
         34.062           0.508            0.000            0.006           34.052
         34.112           0.508            0.000            0.005           34.102
         34.162           0.508            0.000            0.005           34.152
         34.212           0.507            0.000            0.005           34.202
         34.262           0.507            0.000            0.005           34.252
         34.312           0.507            0.000            0.005           34.302
         34.362           0.507            0.000            0.005           34.352
         34.412           0.508            0.000            0.005           34.402
         34.462           0.508            0.000            0.006           34.452
         34.512           0.509            0.000            0.006           34.502
         34.562           0.509            0.000            0.007           34.552
         34.612           0.509            0.000            0.007           34.602
         34.662           0.510            0.000            0.007           34.652
         34.712           0.509            0.000            0.007           34.702
         34.762           0.509            0.000            0.007           34.752
         34.812           0.508            0.000            0.006           34.802
         34.862           0.508            0.000            0.006           34.852
         34.912           0.507            0.000            0.005           34.902
         34.962           0.507            0.000            0.004           34.952
         35.012           0.506            0.000            0.004           35.002
         35.062           0.506            0.000            0.004           35.052
         35.112           0.507            0.000            0.004           35.102
         35.162           0.507            0.000            0.005           35.152
         35.212           0.508            0.000            0.005           35.202
         35.262           0.508            0.000            0.006           35.252
         35.312           0.509            0.000            0.006           35.302
         35.362           0.509            0.000            0.007           35.352
         35.412           0.509            0.000            0.007           35.402
         35.462           0.509            0.000            0.006           35.452
         35.512           0.508            0.000            0.006           35.502
         35.562           0.507            0.000            0.005           35.552
         35.612           0.507            0.000            0.004           35.602
         35.662           0.506            0.000            0.004           35.652
         35.712           0.505            0.000            0.003           35.702
         35.762           0.505            0.000            0.003           35.752
         35.812           0.505            0.000            0.003           35.802
         35.862           0.506            0.000            0.004           35.852
         35.912           0.507            0.000            0.005           35.902
         35.962           0.508            0.000            0.006           35.952
         36.012           0.509            0.000            0.006           36.002
         36.062           0.510            0.000            0.007           36.052
         36.113           0.510            0.000            0.008           36.103
         36.163           0.510            0.000            0.008           36.153
         36.213           0.509            0.000            0.007           36.203
         36.263           0.507            0.000            0.005           36.253
         36.313           0.506            0.000            0.003           36.303
         36.363           0.504            0.000            0.002           36.353
         36.413           0.503            0.000            0.001           36.403
         36.463           0.503            0.000            0.001           36.453
         36.513           0.504            0.000            0.001           36.503
         36.563           0.505            0.000            0.002           36.553
         36.613           0.506            0.000            0.004           36.603
         36.663           0.507            0.000            0.005           36.653
         36.713           0.509            0.000            0.006           36.703
         36.763           0.510            0.000            0.007           36.753
         36.813           0.510            0.000            0.007           36.803
         36.863           0.509            0.000            0.007           36.853
         36.913           0.508            0.000            0.005           36.903
         36.963           0.506            0.000            0.003           36.953
         37.013           0.504            0.000            0.002           37.003
         37.063           0.503            0.000            0.000           37.053
         37.113           0.502            0.000           -0.001           37.103
         37.163           0.502            0.000           -0.001           37.153
         37.213           0.502            0.000            0.000           37.203
         37.263           0.504            0.000            0.001           37.253
         37.313           0.506            0.000            0.003           37.303
         37.363           0.507            0.000            0.005           37.353
         37.413           0.509            0.000            0.007           37.403
         37.463           0.510            0.000            0.008           37.453
         37.513           0.510            0.000            0.008           37.504
         37.563           0.509            0.000            0.007           37.554
         37.613           0.507            0.000            0.005           37.604
         37.663           0.505            0.000            0.002           37.654
         37.713           0.503            0.000            0.000           37.704
         37.763           0.501            0.000           -0.002           37.754
         37.813           0.500            0.000           -0.002           37.804
         37.863           0.501            0.000           -0.002           37.854
         37.913           0.502            0.000           -0.001           37.904
         37.963           0.503            0.000            0.001           37.954
         38.013           0.506            0.000            0.003           38.004
         38.063           0.508            0.000            0.005           38.054
         38.113           0.509            0.000            0.007           38.104
         38.163           0.510            0.000            0.007           38.154
         38.213           0.509            0.000            0.007           38.204
         38.264           0.507            0.000            0.005           38.254
         38.313           0.505            0.000            0.002           38.304
         38.363           0.503            0.000            0.000           38.354
         38.413           0.502            0.000           -0.001           38.404
         38.463           0.502            0.000           -0.001           38.454
         38.513           0.502            0.000           -0.001           38.504
         38.563           0.504            0.000            0.001           38.554
         38.613           0.507            0.000            0.004           38.604
         38.663           0.510            0.000            0.007           38.654
         38.713           0.513            0.000            0.010           38.704
         38.763           0.515            0.000            0.012           38.754
         38.814           0.516            0.000            0.013           38.805
         38.864           0.515            0.000            0.012           38.855
         38.914           0.512            0.000            0.009           38.905
         38.964           0.510            0.000            0.007           38.955
         39.014           0.508            0.000            0.005           39.005
         39.064           0.507            0.000            0.004           39.055
         39.114           0.506            0.000            0.003           39.105
         39.164           0.507            0.000            0.004           39.155
         39.214           0.508            0.000            0.005           39.205
         39.263           0.509            0.000            0.006           39.255
         39.313           0.511            0.000            0.008           39.305
         39.363           0.513            0.000            0.010           39.355
         39.414           0.513            0.000            0.010           39.405
         39.464           0.513            0.000            0.010           39.456
         39.514           0.511            0.000            0.008           39.506
         39.564           0.509            0.000            0.006           39.556
         39.614           0.507            0.000            0.004           39.606
         39.664           0.504            0.000            0.001           39.656
         39.714           0.503            0.000            0.000           39.706
         39.764           0.502            0.000           -0.001           39.756
         39.814           0.502            0.000           -0.001           39.806
         39.864           0.503            0.000            0.000           39.856
         39.914           0.505            0.000            0.002           39.906
         39.964           0.507            0.000            0.003           39.956
         40.014           0.508            0.000            0.005           40.006
         40.064           0.509            0.000            0.006           40.056
         40.114           0.509            0.000            0.005           40.106
         40.164           0.508            0.000            0.004           40.156
         40.214           0.506            0.000            0.003           40.206
         40.264           0.505            0.000            0.002           40.256
         40.314           0.505            0.000            0.001           40.306
         40.364           0.505            0.000            0.001           40.356
         40.414           0.506            0.000            0.002           40.406
         40.464           0.507            0.000            0.004           40.456
         40.514           0.509            0.000            0.006           40.506
         40.564           0.511            0.000            0.008           40.556
         40.614           0.513            0.000            0.010           40.606
         40.664           0.514            0.000            0.011           40.656
         40.714           0.514            0.000            0.011           40.706
         40.764           0.514            0.000            0.011           40.756
         40.814           0.514            0.000            0.010           40.806
         40.864           0.513            0.000            0.010           40.856
         40.914           0.513            0.000            0.010           40.906
         40.964           0.513            0.000            0.010           40.956
         41.014           0.514            0.000            0.010           41.006
         41.064           0.515            0.000            0.011           41.056
         41.114           0.516            0.000            0.012           41.106
         41.164           0.517            0.000            0.014           41.156
         41.214           0.518            0.000            0.015           41.206
         41.264           0.519            0.000            0.016           41.256
         41.314           0.520            0.000            0.016           41.307
         41.365           0.519            0.000            0.016           41.357
         41.415           0.519            0.000            0.015           41.407
         41.465           0.518            0.000            0.015           41.457
         41.515           0.518            0.000            0.014           41.507
         41.565           0.517            0.000            0.014           41.557
         41.614           0.517            0.000            0.014           41.607
         41.664           0.518            0.000            0.014           41.656
         41.714           0.519            0.000            0.015           41.706
         41.764           0.520            0.000            0.016           41.756
         41.814           0.520            0.000            0.017           41.806
         41.864           0.521            0.000            0.017           41.857
         41.915           0.521            0.000            0.018           41.907
         41.965           0.521            0.000            0.018           41.957
         42.015           0.521            0.000            0.017           42.007
         42.065           0.520            0.000            0.017           42.057
         42.115           0.520            0.000            0.016           42.107
         42.165           0.520            0.000            0.016           42.157
         42.214           0.521            0.000            0.017           42.207
         42.264           0.521            0.000            0.018           42.257
         42.314           0.522            0.000            0.019           42.307
         42.364           0.523            0.000            0.019           42.357
         42.415           0.524            0.000            0.020           42.407
         42.465           0.524            0.000            0.020           42.457
         42.515           0.524            0.000            0.020           42.507
         42.565           0.524            0.000            0.020           42.557
         42.615           0.524            0.000            0.020           42.607
         42.665           0.524            0.000            0.020           42.657
         42.715           0.525            0.000            0.021           42.707
         42.764           0.525            0.000            0.021           42.757
         42.814           0.526            0.000            0.022           42.807
         42.864           0.528            0.000            0.024           42.857
         42.914           0.529            0.000            0.025           42.907
         42.965           0.530            0.000            0.025           42.957
         43.015           0.530            0.000            0.026           43.007
         43.065           0.530            0.000            0.025           43.057
         43.115           0.529            0.000            0.025           43.107
         43.165           0.529            0.000            0.025           43.157
         43.215           0.529            0.000            0.025           43.207
         43.265           0.529            0.000            0.025           43.257
         43.315           0.529            0.000            0.025           43.307
         43.365           0.530            0.000            0.026           43.357
         43.415           0.531            0.000            0.027           43.407
         43.465           0.532            0.000            0.028           43.457
         43.515           0.533            0.000            0.029           43.507
         43.565           0.534            0.000            0.029           43.557
         43.615           0.534            0.000            0.030           43.607
         43.665           0.534            0.000            0.030           43.657
         43.715           0.535            0.000            0.030           43.707
         43.765           0.535            0.000            0.031           43.757
         43.815           0.535            0.000            0.031           43.807
         43.865           0.536            0.000            0.031           43.857
         43.915           0.536            0.000            0.032           43.907
         43.965           0.536            0.000            0.032           43.957
         44.015           0.537            0.000            0.033           44.007
         44.065           0.538            0.000            0.033           44.057
         44.115           0.539            0.000            0.034           44.107
         44.165           0.539            0.000            0.035           44.157
         44.215           0.540            0.000            0.035           44.207
         44.265           0.540            0.000            0.036           44.258
         44.315           0.540            0.000            0.036           44.308
         44.365           0.541            0.000            0.036           44.358
         44.415           0.541            0.000            0.036           44.408
         44.466           0.541            0.000            0.036           44.458
         44.515           0.540            0.000            0.036           44.508
         44.565           0.541            0.000            0.036           44.558
         44.615           0.541            0.000            0.037           44.607
         44.665           0.542            0.000            0.037           44.657
         44.715           0.543            0.000            0.038           44.707
         44.765           0.543            0.000            0.039           44.758
         44.815           0.544            0.000            0.039           44.808
         44.866           0.544            0.000            0.039           44.858
         44.916           0.544            0.000            0.039           44.908
         44.966           0.544            0.000            0.039           44.958
         45.016           0.544            0.000            0.039           45.008
         45.066           0.544            0.000            0.040           45.058
         45.115           0.544            0.000            0.040           45.108
         45.165           0.545            0.000            0.040           45.158
         45.215           0.546            0.000            0.041           45.207
         45.265           0.547            0.000            0.042           45.257
         45.315           0.548            0.000            0.043           45.308
         45.366           0.548            0.000            0.044           45.358
         45.416           0.548            0.000            0.044           45.408
         45.466           0.548            0.000            0.043           45.459
         45.516           0.548            0.000            0.043           45.509
         45.566           0.547            0.000            0.043           45.558
         45.615           0.548            0.000            0.043           45.608
         45.665           0.548            0.000            0.044           45.658
         45.715           0.549            0.000            0.044           45.707
         45.765           0.550            0.000            0.045           45.758
         45.815           0.551            0.000            0.046           45.808
         45.866           0.551            0.000            0.047           45.858
         45.916           0.552            0.000            0.047           45.908
         45.966           0.551            0.000            0.047           45.959
         46.016           0.551            0.000            0.046           46.009
         46.066           0.551            0.000            0.046           46.059
         46.116           0.551            0.000            0.046           46.109
         46.166           0.551            0.000            0.046           46.158
         46.216           0.551            0.000            0.046           46.208
         46.265           0.552            0.000            0.047           46.258
         46.315           0.553            0.000            0.048           46.308
         46.366           0.553            0.000            0.048           46.358
         46.416           0.554            0.000            0.049           46.409
         46.467           0.553            0.000            0.048           46.459
         46.517           0.553            0.000            0.048           46.509
         46.566           0.553            0.000            0.048           46.559
         46.616           0.553            0.000            0.048           46.609
         46.666           0.553            0.000            0.048           46.658
         46.716           0.554            0.000            0.049           46.708
         46.766           0.554            0.000            0.049           46.758
         46.816           0.555            0.000            0.050           46.808
         46.866           0.555            0.000            0.050           46.859
         46.916           0.555            0.000            0.050           46.909
         46.966           0.555            0.000            0.050           46.959
         47.016           0.555            0.000            0.050           47.009
         47.066           0.555            0.000            0.050           47.059
         47.116           0.556            0.000            0.051           47.109
         47.166           0.556            0.000            0.051           47.159
         47.216           0.556            0.000            0.051           47.209
         47.266           0.556            0.000            0.051           47.259
         47.316           0.556            0.000            0.051           47.309
         47.366           0.557            0.000            0.052           47.359
         47.416           0.557            0.000            0.052           47.409
         47.466           0.557            0.000            0.052           47.458
         47.516           0.558            0.000            0.053           47.509
         47.566           0.558            0.000            0.053           47.559
         47.616           0.559            0.000            0.054           47.609
         47.667           0.559            0.000            0.054           47.659
         47.717           0.559            0.000            0.054           47.709
         47.766           0.559            0.000            0.054           47.759
         47.816           0.559            0.000            0.054           47.809
         47.866           0.559            0.000            0.054           47.859
         47.916           0.560            0.000            0.055           47.909
         47.966           0.560            0.000            0.055           47.959
         48.017           0.560            0.000            0.055           48.009
         48.067           0.560            0.000            0.055           48.059
         48.117           0.560            0.000            0.055           48.109
         48.167           0.561            0.000            0.056           48.159
         48.216           0.561            0.000            0.056           48.209
         48.266           0.561            0.000            0.056           48.259
         48.316           0.562            0.000            0.057           48.309
         48.366           0.562            0.000            0.057           48.359
         48.417           0.563            0.000            0.057           48.409
         48.467           0.563            0.000            0.057           48.459
         48.517           0.562            0.000            0.057           48.510
         48.567           0.562            0.000            0.057           48.559
         48.617           0.562            0.000            0.057           48.609
         48.667           0.563            0.000            0.058           48.659
         48.717           0.563            0.000            0.058           48.709
         48.767           0.563            0.000            0.058           48.759
         48.817           0.563            0.000            0.058           48.810
         48.867           0.563            0.000            0.058           48.860
         48.917           0.563            0.000            0.058           48.910
         48.967           0.562            0.000            0.057           48.960
         49.017           0.562            0.000            0.057           49.010
         49.067           0.562            0.000            0.057           49.059
         49.117           0.562            0.000            0.057           49.109
         49.167           0.563            0.000            0.057           49.160
         49.217           0.563            0.000            0.057           49.210
         49.267           0.563            0.000            0.057           49.260
         49.317           0.562            0.000            0.057           49.310
         49.367           0.562            0.000            0.057           49.360
         49.417           0.562            0.000            0.057           49.410
         49.467           0.563            0.000            0.057           49.459
         49.517           0.563            0.000            0.058           49.509
         49.567           0.563            0.000            0.058           49.560
         49.617           0.563            0.000            0.058           49.610
         49.667           0.563            0.000            0.058           49.660
         49.717           0.563            0.000            0.058           49.710
         49.767           0.564            0.000            0.058           49.760
         49.817           0.564            0.000            0.059           49.810
         49.867           0.564            0.000            0.059           49.859
         49.917           0.564            0.000            0.059           49.909
         49.967           0.565            0.000            0.060           49.960
         50.017           0.565            0.000            0.060           50.010
         50.067           0.565            0.000            0.060           50.060
         50.117           0.565            0.000            0.060           50.110
         50.167           0.565            0.000            0.060           50.160
         50.217           0.566            0.000            0.060           50.210
         50.267           0.566            0.000            0.061           50.259
         50.317           0.566            0.000            0.061           50.309
         50.367           0.567            0.000            0.062           50.360
         50.417           0.567            0.000            0.062           50.410
         50.467           0.567            0.000            0.062           50.460
         50.518           0.567            0.000            0.062           50.510
         50.568           0.567            0.000            0.062           50.560
         50.618           0.567            0.000            0.062           50.610
         50.668           0.567            0.000            0.062           50.660
         50.718           0.567            0.000            0.062           50.710
         50.768           0.567            0.000            0.062           50.760
         50.818           0.567            0.000            0.062           50.810
         50.868           0.567            0.000            0.062           50.860
         50.918           0.568            0.000            0.062           50.910
         50.968           0.568            0.000            0.063           50.960
         51.018           0.568            0.000            0.063           51.010
         51.067           0.568            0.000            0.063           51.060
         51.117           0.568            0.000            0.063           51.110
         51.167           0.569            0.000            0.064           51.160
         51.217           0.569            0.000            0.064           51.210
         51.267           0.569            0.000            0.064           51.260
         51.318           0.570            0.000            0.065           51.310
         51.368           0.570            0.000            0.065           51.360
         51.418           0.570            0.000            0.065           51.410
         51.468           0.570            0.000            0.065           51.460
         51.518           0.570            0.000            0.065           51.510
         51.568           0.570            0.000            0.065           51.560
         51.618           0.570            0.000            0.065           51.610
         51.668           0.570            0.000            0.065           51.660
         51.718           0.570            0.000            0.065           51.710
         51.768           0.570            0.000            0.066           51.760
         51.818           0.571            0.000            0.066           51.810
         51.868           0.571            0.000            0.066           51.861
         51.918           0.571            0.000            0.066           51.911
         51.968           0.571            0.000            0.066           51.961
         52.018           0.571            0.000            0.066           52.011
         52.068           0.571            0.000            0.066           52.061
         52.118           0.571            0.000            0.066           52.111
         52.168           0.571            0.000            0.066           52.160
         52.218           0.571            0.000            0.067           52.210
         52.268           0.572            0.000            0.067           52.260
         52.318           0.572            0.000            0.067           52.311
         52.368           0.572            0.000            0.067           52.361
         52.418           0.572            0.000            0.067           52.411
         52.468           0.572            0.000            0.067           52.461
         52.518           0.572            0.000            0.067           52.511
         52.568           0.572            0.000            0.067           52.561
         52.618           0.572            0.000            0.067           52.611
         52.668           0.572            0.000            0.067           52.661
         52.718           0.572            0.000            0.067           52.711
         52.768           0.572            0.000            0.068           52.761
         52.818           0.572            0.000            0.068           52.811
         52.868           0.573            0.000            0.068           52.861
         52.918           0.573            0.000            0.068           52.911
         52.968           0.573            0.000            0.068           52.961
         53.018           0.573            0.000            0.068           53.011
         53.068           0.573            0.000            0.068           53.061
         53.118           0.573            0.000            0.069           53.111
         53.168           0.573            0.000            0.069           53.161
         53.218           0.573            0.000            0.069           53.211
         53.268           0.573            0.000            0.069           53.261
         53.318           0.573            0.000            0.069           53.311
         53.368           0.574            0.000            0.069           53.361
         53.418           0.574            0.000            0.069           53.411
         53.468           0.574            0.000            0.070           53.461
         53.518           0.574            0.000            0.070           53.511
         53.568           0.574            0.000            0.070           53.561
         53.618           0.575            0.000            0.070           53.611
         53.668           0.575            0.000            0.071           53.661
         53.718           0.575            0.000            0.071           53.711
         53.768           0.575            0.000            0.071           53.761
         53.818           0.576            0.000            0.071           53.811
         53.869           0.576            0.000            0.072           53.861
         53.919           0.576            0.000            0.072           53.911
         53.969           0.576            0.000            0.072           53.961
         54.019           0.576            0.000            0.072           54.011
         54.069           0.576            0.000            0.072           54.061
         54.119           0.577            0.000            0.072           54.111
         54.169           0.577            0.000            0.073           54.161
         54.218           0.577            0.000            0.073           54.211
         54.268           0.577            0.000            0.073           54.261
         54.318           0.578            0.000            0.074           54.311
         54.369           0.578            0.000            0.074           54.361
         54.419           0.578            0.000            0.074           54.411
         54.469           0.578            0.000            0.074           54.461
         54.519           0.579            0.000            0.075           54.511
         54.569           0.579            0.000            0.075           54.561
         54.619           0.579            0.000            0.075           54.611
         54.669           0.579            0.000            0.075           54.661
         54.719           0.579            0.000            0.075           54.712
         54.769           0.579            0.000            0.075           54.762
         54.819           0.579            0.000            0.075           54.812
         54.869           0.579            0.000            0.075           54.862
         54.919           0.579            0.000            0.075           54.912
         54.969           0.579            0.000            0.075           54.962
         55.019           0.579            0.000            0.075           55.012
         55.069           0.579            0.000            0.075           55.062
         55.120           0.578            0.000            0.075           55.112
         55.169           0.578            0.000            0.075           55.162
         55.219           0.578            0.000            0.074           55.212
         55.269           0.578            0.000            0.074           55.262
         55.320           0.578            0.000            0.074           55.312
         55.370           0.578            0.000            0.074           55.362
         55.420           0.577            0.000            0.074           55.412
         55.470           0.577            0.000            0.073           55.463
         55.520           0.576            0.000            0.073           55.513
         55.570           0.576            0.000            0.072           55.563
         55.620           0.575            0.000            0.072           55.613
         55.670           0.575            0.000            0.071           55.663
         55.720           0.574            0.000            0.071           55.713
         55.770           0.574            0.000            0.070           55.763
         55.820           0.573            0.000            0.070           55.813
         55.870           0.572            0.000            0.069           55.863
         55.920           0.572            0.000            0.068           55.913
         55.971           0.571            0.000            0.068           55.963
         56.021           0.570            0.000            0.067           56.013
         56.071           0.569            0.000            0.066           56.063
         56.121           0.568            0.000            0.065           56.113
         56.171           0.567            0.000            0.064           56.163
         56.221           0.566            0.000            0.063           56.213
         56.271           0.565            0.000            0.062           56.264
         56.321           0.564            0.000            0.061           56.314
         56.371           0.563            0.000            0.060           56.364
         56.421           0.562            0.000            0.059           56.414
         56.472           0.560            0.000            0.057           56.464
         56.522           0.558            0.000            0.055           56.515
         56.571           0.556            0.000            0.053           56.564
         56.618           0.557            0.000            0.054           56.611
         56.675           0.557            0.000            0.054           56.668
         56.736           0.541            0.000            0.038           56.731
         56.779           0.517            0.000            0.014           56.780
         56.812           0.493            0.000           -0.010           56.820
