           X               Y                Z                A                C
          1.049           0.574            0.000            0.074            1.090
          1.100           0.574            0.000            0.074            1.141
          1.150           0.575            0.000            0.075            1.191
          1.200           0.576            0.000            0.075            1.241
          1.250           0.576            0.000            0.076            1.290
          1.299           0.577            0.000            0.077            1.340
          1.349           0.578            0.000            0.078            1.390
          1.399           0.580            0.000            0.079            1.440
          1.449           0.581            0.000            0.081            1.490
          1.500           0.582            0.000            0.082            1.541
          1.550           0.582            0.000            0.082            1.591
          1.600           0.583            0.000            0.083            1.641
          1.650           0.584            0.000            0.083            1.691
          1.700           0.584            0.000            0.084            1.741
          1.750           0.585            0.000            0.084            1.791
          1.800           0.585            0.000            0.085            1.841
          1.851           0.585            0.000            0.085            1.892
          1.901           0.586            0.000            0.086            1.942
          1.950           0.586            0.000            0.086            1.991
          2.000           0.586            0.000            0.086            2.041
          2.050           0.587            0.000            0.087            2.091
          2.100           0.588            0.000            0.088            2.141
          2.150           0.589            0.000            0.089            2.191
          2.200           0.590            0.000            0.090            2.241
          2.250           0.590            0.000            0.090            2.291
          2.301           0.591            0.000            0.091            2.342
          2.351           0.591            0.000            0.091            2.392
          2.400           0.592            0.000            0.092            2.441
          2.450           0.593            0.000            0.092            2.491
          2.499           0.594            0.000            0.094            2.540
          2.548           0.595            0.000            0.095            2.589
          2.598           0.597            0.000            0.097            2.640
          2.649           0.598            0.000            0.098            2.690
          2.700           0.599            0.000            0.099            2.741
          2.751           0.600            0.000            0.100            2.792
          2.801           0.600            0.000            0.100            2.843
          2.851           0.600            0.000            0.100            2.893
          2.901           0.600            0.000            0.100            2.942
          2.951           0.601            0.000            0.101            2.992
          3.000           0.601            0.000            0.101            3.042
          3.050           0.602            0.000            0.102            3.091
          3.100           0.603            0.000            0.103            3.141
          3.150           0.604            0.000            0.104            3.191
          3.199           0.605            0.000            0.105            3.241
          3.249           0.606            0.000            0.106            3.291
          3.300           0.607            0.000            0.107            3.341
          3.350           0.608            0.000            0.108            3.391
          3.400           0.609            0.000            0.109            3.441
          3.450           0.610            0.000            0.110            3.492
          3.501           0.611            0.000            0.111            3.542
          3.551           0.612            0.000            0.111            3.592
          3.601           0.612            0.000            0.112            3.642
          3.651           0.613            0.000            0.112            3.692
          3.701           0.613            0.000            0.113            3.742
          3.750           0.614            0.000            0.114            3.791
          3.798           0.615            0.000            0.115            3.840
          3.847           0.617            0.000            0.117            3.888
          3.894           0.620            0.000            0.120            3.936
          3.942           0.623            0.000            0.123            3.983
          3.987           0.628            0.000            0.128            4.029
          4.039           0.634            0.000            0.134            4.081
          4.111           0.635            0.000            0.135            4.153
          4.166           0.630            0.000            0.130            4.208
          4.212           0.626            0.000            0.126            4.255
          4.258           0.623            0.000            0.123            4.301
          4.304           0.622            0.000            0.121            4.347
          4.352           0.621            0.000            0.121            4.394
          4.400           0.622            0.000            0.122            4.442
          4.449           0.624            0.000            0.123            4.492
          4.500           0.625            0.000            0.124            4.543
          4.551           0.626            0.000            0.125            4.593
          4.601           0.626            0.000            0.126            4.644
          4.651           0.627            0.000            0.127            4.694
          4.700           0.628            0.000            0.127            4.743
          4.750           0.629            0.000            0.128            4.793
          4.800           0.630            0.000            0.129            4.843
          4.851           0.630            0.000            0.130            4.894
          4.903           0.631            0.000            0.131            4.945
          4.953           0.631            0.000            0.130            4.996
          5.003           0.631            0.000            0.130            5.046
          5.051           0.631            0.000            0.131            5.094
          5.098           0.632            0.000            0.132            5.141
          5.146           0.634            0.000            0.134            5.189
          5.195           0.637            0.000            0.137            5.238
          5.246           0.640            0.000            0.140            5.289
          5.299           0.642            0.000            0.142            5.342
          5.353           0.643            0.000            0.142            5.396
          5.406           0.642            0.000            0.142            5.449
          5.457           0.640            0.000            0.140            5.501
          5.507           0.639            0.000            0.139            5.550
          5.556           0.638            0.000            0.137            5.599
          5.605           0.637            0.000            0.137            5.648
          5.653           0.637            0.000            0.136            5.697
          5.702           0.637            0.000            0.137            5.746
          5.752           0.637            0.000            0.137            5.795
          5.802           0.638            0.000            0.138            5.845
          5.852           0.639            0.000            0.138            5.895
          5.902           0.639            0.000            0.139            5.946
          5.953           0.639            0.000            0.139            5.996
          6.003           0.639            0.000            0.139            6.047
          6.054           0.639            0.000            0.139            6.097
          6.103           0.639            0.000            0.139            6.147
          6.153           0.639            0.000            0.139            6.196
          6.203           0.639            0.000            0.139            6.246
          6.253           0.640            0.000            0.139            6.296
          6.303           0.640            0.000            0.140            6.346
          6.354           0.640            0.000            0.140            6.397
          6.404           0.640            0.000            0.140            6.447
          6.454           0.640            0.000            0.140            6.497
          6.504           0.640            0.000            0.139            6.547
          6.554           0.639            0.000            0.139            6.597
          6.604           0.639            0.000            0.139            6.647
          6.654           0.639            0.000            0.139            6.697
          6.703           0.639            0.000            0.139            6.747
          6.753           0.639            0.000            0.139            6.796
          6.803           0.640            0.000            0.140            6.846
          6.854           0.640            0.000            0.140            6.897
          6.904           0.640            0.000            0.140            6.947
          6.955           0.640            0.000            0.140            6.998
          7.005           0.639            0.000            0.139            7.048
          7.054           0.639            0.000            0.139            7.098
          7.104           0.639            0.000            0.139            7.147
          7.154           0.639            0.000            0.139            7.197
          7.204           0.640            0.000            0.139            7.247
          7.255           0.640            0.000            0.139            7.298
          7.306           0.639            0.000            0.139            7.349
          7.356           0.639            0.000            0.138            7.399
          7.406           0.638            0.000            0.138            7.449
          7.456           0.637            0.000            0.137            7.499
          7.505           0.637            0.000            0.137            7.548
          7.554           0.637            0.000            0.137            7.598
          7.604           0.637            0.000            0.137            7.647
          7.654           0.637            0.000            0.137            7.697
          7.704           0.637            0.000            0.137            7.747
          7.754           0.637            0.000            0.137            7.797
          7.805           0.637            0.000            0.137            7.848
          7.855           0.637            0.000            0.137            7.898
          7.905           0.637            0.000            0.137            7.949
          7.955           0.637            0.000            0.136            7.999
          8.005           0.636            0.000            0.136            8.048
          8.055           0.636            0.000            0.136            8.098
          8.105           0.636            0.000            0.136            8.148
          8.155           0.636            0.000            0.136            8.198
          8.205           0.636            0.000            0.136            8.248
          8.255           0.636            0.000            0.136            8.298
          8.305           0.636            0.000            0.136            8.348
          8.355           0.636            0.000            0.136            8.398
          8.405           0.636            0.000            0.136            8.448
          8.454           0.636            0.000            0.136            8.497
          8.504           0.636            0.000            0.136            8.547
          8.553           0.637            0.000            0.137            8.596
          8.603           0.637            0.000            0.137            8.646
          8.654           0.638            0.000            0.138            8.697
          8.705           0.638            0.000            0.138            8.748
          8.755           0.638            0.000            0.138            8.798
          8.806           0.638            0.000            0.138            8.849
          8.856           0.638            0.000            0.138            8.899
          8.906           0.638            0.000            0.137            8.949
          8.956           0.637            0.000            0.137            9.000
          9.007           0.637            0.000            0.136            9.050
          9.057           0.636            0.000            0.136            9.100
          9.107           0.635            0.000            0.135            9.150
          9.157           0.635            0.000            0.135            9.200
          9.206           0.634            0.000            0.134            9.249
          9.255           0.634            0.000            0.134            9.299
          9.304           0.634            0.000            0.134            9.348
          9.354           0.635            0.000            0.134            9.397
          9.403           0.635            0.000            0.135            9.447
          9.454           0.636            0.000            0.136            9.497
          9.504           0.636            0.000            0.136            9.547
          9.555           0.637            0.000            0.137            9.598
          9.606           0.637            0.000            0.137            9.649
          9.656           0.637            0.000            0.137            9.699
          9.706           0.637            0.000            0.137            9.749
          9.756           0.637            0.000            0.136            9.799
          9.806           0.636            0.000            0.136            9.849
          9.856           0.636            0.000            0.136            9.899
          9.906           0.636            0.000            0.136            9.950
          9.956           0.636            0.000            0.136            9.999
         10.006           0.636            0.000            0.135           10.049
         10.055           0.636            0.000            0.136           10.099
         10.105           0.636            0.000            0.136           10.148
         10.155           0.636            0.000            0.136           10.198
         10.205           0.637            0.000            0.136           10.248
         10.255           0.637            0.000            0.137           10.298
         10.305           0.637            0.000            0.137           10.349
         10.355           0.637            0.000            0.137           10.398
         10.405           0.638            0.000            0.138           10.448
         10.454           0.638            0.000            0.138           10.497
         10.503           0.639            0.000            0.139           10.547
         10.553           0.640            0.000            0.140           10.597
         10.604           0.641            0.000            0.141           10.648
         10.656           0.641            0.000            0.141           10.699
         10.708           0.641            0.000            0.141           10.751
         10.758           0.640            0.000            0.140           10.801
         10.807           0.640            0.000            0.139           10.850
         10.855           0.640            0.000            0.140           10.898
         10.901           0.641            0.000            0.141           10.944
         10.950           0.643            0.000            0.143           10.993
         11.001           0.645            0.000            0.145           11.044
         11.055           0.647            0.000            0.146           11.098
         11.111           0.646            0.000            0.146           11.154
         11.164           0.644            0.000            0.143           11.208
         11.214           0.641            0.000            0.141           11.258
         11.262           0.639            0.000            0.138           11.305
         11.308           0.637            0.000            0.137           11.352
         11.355           0.637            0.000            0.137           11.399
         11.404           0.638            0.000            0.138           11.447
         11.454           0.639            0.000            0.139           11.497
         11.505           0.640            0.000            0.140           11.548
         11.556           0.640            0.000            0.140           11.599
         11.606           0.641            0.000            0.141           11.650
         11.656           0.641            0.000            0.141           11.700
         11.706           0.641            0.000            0.141           11.750
         11.756           0.641            0.000            0.141           11.800
         11.807           0.642            0.000            0.141           11.850
         11.857           0.641            0.000            0.141           11.901
         11.908           0.641            0.000            0.141           11.952
         11.958           0.641            0.000            0.140           12.002
         12.007           0.640            0.000            0.140           12.051
         12.056           0.640            0.000            0.140           12.100
         12.105           0.641            0.000            0.141           12.149
         12.154           0.642            0.000            0.141           12.198
         12.204           0.643            0.000            0.142           12.248
         12.255           0.643            0.000            0.143           12.299
         12.306           0.644            0.000            0.144           12.350
         12.357           0.644            0.000            0.144           12.401
         12.407           0.644            0.000            0.144           12.451
         12.457           0.644            0.000            0.143           12.501
         12.506           0.644            0.000            0.144           12.550
         12.556           0.644            0.000            0.144           12.599
         12.605           0.645            0.000            0.145           12.649
         12.656           0.645            0.000            0.145           12.699
         12.706           0.646            0.000            0.146           12.750
         12.757           0.646            0.000            0.146           12.800
         12.807           0.646            0.000            0.146           12.851
         12.857           0.646            0.000            0.146           12.901
         12.907           0.647            0.000            0.146           12.950
         12.957           0.647            0.000            0.147           13.000
         13.007           0.647            0.000            0.147           13.051
         13.058           0.647            0.000            0.147           13.102
         13.109           0.646            0.000            0.146           13.153
         13.160           0.646            0.000            0.145           13.203
         13.209           0.645            0.000            0.145           13.253
         13.258           0.645            0.000            0.144           13.301
         13.306           0.645            0.000            0.145           13.350
         13.355           0.646            0.000            0.145           13.399
         13.405           0.647            0.000            0.146           13.448
         13.455           0.648            0.000            0.147           13.498
         13.505           0.649            0.000            0.148           13.549
         13.556           0.649            0.000            0.149           13.600
         13.606           0.650            0.000            0.150           13.650
         13.657           0.650            0.000            0.150           13.701
         13.708           0.650            0.000            0.150           13.751
         13.758           0.651            0.000            0.150           13.801
         13.807           0.651            0.000            0.150           13.851
         13.856           0.651            0.000            0.151           13.900
         13.905           0.652            0.000            0.151           13.949
         13.955           0.653            0.000            0.152           13.998
         14.005           0.654            0.000            0.153           14.049
         14.056           0.654            0.000            0.154           14.100
         14.108           0.655            0.000            0.154           14.152
         14.160           0.654            0.000            0.154           14.203
         14.210           0.654            0.000            0.153           14.254
         14.259           0.653            0.000            0.153           14.303
         14.308           0.653            0.000            0.153           14.352
         14.357           0.654            0.000            0.153           14.401
         14.406           0.654            0.000            0.154           14.450
         14.456           0.655            0.000            0.154           14.500
         14.506           0.655            0.000            0.155           14.550
         14.556           0.656            0.000            0.156           14.600
         14.606           0.657            0.000            0.156           14.650
         14.657           0.657            0.000            0.157           14.701
         14.708           0.658            0.000            0.157           14.751
         14.758           0.658            0.000            0.157           14.802
         14.808           0.658            0.000            0.157           14.852
         14.858           0.658            0.000            0.157           14.902
         14.908           0.658            0.000            0.158           14.952
         14.958           0.658            0.000            0.158           15.002
         15.008           0.658            0.000            0.158           15.052
         15.058           0.659            0.000            0.158           15.102
         15.108           0.659            0.000            0.158           15.152
         15.158           0.659            0.000            0.159           15.202
         15.208           0.659            0.000            0.159           15.251
         15.258           0.660            0.000            0.159           15.301
         15.308           0.660            0.000            0.160           15.351
         15.357           0.661            0.000            0.160           15.401
         15.406           0.661            0.000            0.161           15.450
         15.454           0.662            0.000            0.162           15.498
         15.502           0.664            0.000            0.164           15.546
         15.552           0.666            0.000            0.166           15.596
         15.604           0.668            0.000            0.168           15.648
         15.658           0.669            0.000            0.168           15.702
         15.713           0.668            0.000            0.168           15.757
         15.765           0.667            0.000            0.166           15.809
         15.814           0.665            0.000            0.164           15.858
         15.861           0.664            0.000            0.163           15.905
         15.907           0.664            0.000            0.163           15.951
         15.955           0.665            0.000            0.164           15.999
         16.003           0.666            0.000            0.166           16.048
         16.054           0.668            0.000            0.167           16.099
         16.107           0.669            0.000            0.168           16.151
         16.159           0.669            0.000            0.169           16.203
         16.209           0.669            0.000            0.169           16.253
         16.259           0.669            0.000            0.169           16.303
         16.308           0.670            0.000            0.169           16.352
         16.357           0.670            0.000            0.170           16.401
         16.407           0.671            0.000            0.170           16.452
         16.458           0.671            0.000            0.171           16.502
         16.509           0.672            0.000            0.171           16.553
         16.560           0.672            0.000            0.171           16.604
         16.610           0.672            0.000            0.171           16.654
         16.659           0.672            0.000            0.171           16.703
         16.709           0.672            0.000            0.171           16.753
         16.759           0.672            0.000            0.171           16.803
         16.809           0.672            0.000            0.172           16.853
         16.859           0.672            0.000            0.172           16.903
         16.910           0.672            0.000            0.172           16.954
         16.960           0.672            0.000            0.172           17.004
         17.010           0.672            0.000            0.172           17.054
         17.060           0.672            0.000            0.172           17.104
         17.109           0.672            0.000            0.172           17.153
         17.159           0.673            0.000            0.172           17.203
         17.210           0.673            0.000            0.172           17.254
         17.261           0.673            0.000            0.172           17.305
         17.312           0.672            0.000            0.172           17.356
         17.362           0.672            0.000            0.171           17.406
         17.411           0.671            0.000            0.171           17.455
         17.460           0.671            0.000            0.170           17.504
